Date,Open,High,Low,Close,AdjClose,Volume
2013-12-18,55.2976,55.941502,54.400002,54.809799,50.231415,2988799
2013-12-19,55.3951,55.609798,54.448799,55.121899,50.517445,2625503
2013-12-20,55.121899,55.795101,54.273201,54.614601,50.052513,8104324
2013-12-23,55.317101,55.317101,54.341499,54.380501,49.837975,2336984
2013-12-26,54.3512,55.307301,54.3512,54.546299,49.989922,2530344
2013-12-27,54.409801,55.258499,54.097599,54.2244,49.694912,3076189
2013-12-30,53.951199,54.624401,53.580502,53.639,49.158409,2890920
2014-01-02,52.536598,53.024399,52.487801,52.5854,48.192822,3839863
2014-01-03,52.634201,52.8293,51.951199,52.058498,47.709942,3234915
2014-01-06,52.068298,52.7024,51.922001,52.146301,47.790405,2467779
2014-01-07,52.653702,52.878101,51.717098,52.4781,48.094482,2981379
2014-01-08,52.682899,53.824402,52,53.6488,49.167385,3793944
2014-01-09,53.726799,53.7561,52.546299,53.1707,48.729233,6570962
2014-01-10,53.258499,53.8927,53.053699,53.736599,49.24786,5411952
2014-01-13,53.951199,54.0098,52.985401,53.092701,48.657753,1929226
2014-01-14,53.141499,53.4244,52.7024,53.1707,48.729233,2196775
2014-01-15,53.4342,53.4342,52.634201,52.790199,48.380516,2024543
2014-01-16,52.634201,52.839001,51.9902,52.321899,47.951328,2216019
2014-01-17,52.390202,52.682899,51.121899,51.268299,46.985733,3536113
2014-01-20,51.375599,52.048801,51.278,51.658501,47.343357,1735658
2014-01-21,51.4146,51.609798,50.2537,50.438999,46.225719,6220825
2014-01-22,50.321899,50.8195,49.1707,50.497601,46.279423,5164160
2014-01-23,50.497601,51.014599,49.824402,50.1073,45.921734,3530733
2014-01-24,50.2439,50.614601,48.887798,49.160999,45.05447,6688097
2014-01-27,49.356098,49.356098,47.804901,48.2341,44.20499,8312611
2014-01-28,48.761002,48.8195,47.824402,48.2537,44.222965,4624813
2014-01-29,48.0098,48.048801,47.200001,47.385399,43.427185,6891433
2014-01-30,47.3951,48.292702,46.8293,46.917099,42.998005,11709871
2014-01-31,46.799999,46.799999,44.9268,45.307301,41.52269,11929620
2014-02-04,44.878101,45.7561,44.390202,44.722,40.986263,4488416
2014-02-05,44.722,46.2341,44.722,45.502399,41.701477,5971670
2014-02-06,45.8634,46.146301,45.570702,45.687801,41.871403,7021550
2014-02-07,45.853699,46.536598,45.375599,46.331699,42.461502,5658849
2014-02-10,46.341499,46.341499,44.897598,45.024399,41.263412,3647544
2014-02-11,44.878101,46.029301,44.809799,45.795101,41.969734,6964114
2014-02-12,45.951199,47.795101,45.5415,47.609798,43.632839,11301371
2014-02-13,47.375599,47.375599,46.487801,46.887798,42.971153,8893333
2014-02-14,46.887798,47.658501,46.546299,46.887798,42.971153,4968027
2014-02-17,47.102402,47.5415,46.682899,46.799999,42.890686,934777
2014-02-18,46.5951,47.5219,46.5951,47.4146,43.453953,2678087
2014-02-19,47.258499,47.512199,45.1707,45.2878,41.504807,4195589
2014-02-20,45.4146,45.629299,44.438999,45.268299,41.486935,3295118
2014-02-21,45.024399,45.931702,45.024399,45.7463,41.925011,2915304
2014-02-24,45.853699,46.1366,45.4244,45.629299,41.817783,2950137
2014-02-25,45.726799,45.726799,43.5415,43.922001,40.253094,5425672
2014-02-26,44.195099,44.614601,41.258499,41.687801,38.205528,10478562
2014-02-27,41.697601,42.975601,41.697601,41.9902,38.482666,5560292
2014-02-28,42.146301,42.536598,41.804901,42.1171,38.598965,3421777
2014-03-03,41.873199,42.438999,41.629299,41.843899,38.348579,2543075
2014-03-04,42.156101,42.9268,41.678101,41.7854,38.294971,3656440
2014-03-05,41.7854,42.370701,40.975601,41.336601,37.883663,6686550
2014-03-06,41.5415,42.995098,41.2976,41.9902,38.482666,5533677
2014-03-07,42.019501,42.643902,41.317101,41.5415,38.071449,4190381
2014-03-10,41.561001,41.609798,40.087799,40.624401,37.230961,5972612
2014-03-11,40.624401,41.551201,40.536598,41.092701,37.660137,2700970
2014-03-12,40.546299,42.312199,40.546299,41.151199,37.713749,2702095
2014-03-13,41.453701,41.931702,40.195099,40.692699,37.293545,3313701
2014-03-14,40.741501,41.492699,40,41.248798,37.803192,6945273
2014-03-18,41.307301,41.853699,40.751202,41.453701,37.990982,3536924
2014-03-19,41.473202,43.375599,41.473202,43.238998,39.627151,8279414
2014-03-20,42.9268,44.370701,42.185398,43.512199,39.877537,5346593
2014-03-21,43.804901,45.5415,43.726799,45.2878,41.504807,8760888
2014-03-24,45.2878,45.843899,43.609798,43.824402,40.163651,4074338
2014-03-25,44.039001,44.438999,43.873199,44.068298,40.387169,2270984
2014-03-26,44.1073,44.438999,43.219501,43.7463,40.092072,2037579
2014-03-27,43.902401,44.390202,43.317101,44.3512,40.646446,2516303
2014-03-28,44.390202,44.858501,43.931702,44.156101,40.467644,2213155
2014-03-31,44.156101,45.248798,44.156101,45.0732,41.308136,6648779
2014-04-01,44.878101,45.512199,44.2439,45.4146,41.621014,3301954
2014-04-02,45.6488,46.263401,44.878101,45.0341,41.272293,4599959
2014-04-03,45.492699,45.492699,44.390202,44.975601,41.218689,2871560
2014-04-04,44.878101,46.029301,44.556099,44.731701,40.995159,3199355
2014-04-07,44.643902,45.717098,44.497601,45.5317,41.728336,2035878
2014-04-08,45.307301,46.536598,45.307301,46.438999,42.559849,6111212
2014-04-09,45.804901,46.770699,45.678101,46.380501,42.506233,6087109
2014-04-10,46.634201,46.809799,46.039001,46.087799,42.23798,6230018
2014-04-11,45.7561,46.292702,45.141499,45.707298,41.889267,3525477
2014-04-14,45.268299,46.770699,45.268299,46.5756,42.685032,4484340
2014-04-15,46.8293,47.570702,46.614601,47.102402,43.167835,6063594
2014-04-16,47.502399,47.804901,47.209801,47.795101,43.802673,3187591
2014-04-21,47.5415,48.273201,47.317101,47.922001,43.918968,1644827
2014-04-22,47.8927,48.165901,47.326801,47.5415,43.570251,2379448
2014-04-23,47.5415,47.5415,46.438999,46.8293,42.917549,1894283
2014-04-24,46.643902,47.697601,46.1171,47.4049,43.445053,2018322
2014-04-25,46.780499,47.804901,46.634201,47.463402,43.498676,1697549
2014-04-28,47.512199,47.7463,46.3512,46.634201,42.738735,2178529
2014-04-29,46.634201,48.282902,46.634201,47.931702,43.927853,3631524
2014-04-30,47.317101,47.707298,46.975601,47.502399,43.53442,3305305
2014-05-02,47.2878,47.512199,46.780499,47.082901,43.14996,2350807
2014-05-05,47.082901,47.463402,46.848801,47.346298,43.391357,543773
2014-05-06,47.131699,48.5658,47.131699,48.400002,44.357044,3479901
2014-05-07,48.536598,50.438999,48.282902,50.156101,45.96645,6323614
2014-05-08,50.165901,50.6049,48.985401,49.131699,45.027615,3455264
2014-05-09,49.131699,49.629299,48.917099,49.200001,45.090214,834370
2014-05-12,49.219501,50.312199,48.848801,49.346298,45.224289,2394016
2014-05-13,49.609798,50.995098,49.609798,50.731701,46.493961,4802716
2014-05-14,49.804901,52.029301,49.7659,51.365799,47.075104,6285229
2014-05-15,51.356098,51.356098,49.941502,50.019501,45.841251,4121725
2014-05-16,49.853699,50.682899,49.853699,50.2146,46.020061,2045810
2014-05-19,50.2341,51.502399,49.7561,51.336601,47.048336,3126140
2014-05-20,50.9659,51.365799,50.741501,51.0439,46.780087,4908892
2014-05-21,51.219501,51.658501,50.673199,50.809799,46.565544,10151810
2014-05-22,50.9268,51.092701,50.341499,50.790199,46.547585,2024529
2014-05-23,50.8195,52.390202,50.3512,52.204899,47.844105,5277673
2014-05-26,52.448799,53.4146,52.292702,52.438999,48.058647,2871546
2014-05-27,52.975601,52.985401,51.599998,51.717098,47.397053,3852549
2014-05-28,51.717098,52.282902,51.317101,51.726799,47.405945,2619907
2014-05-29,51.941502,52.195099,51.0634,51.2976,47.012592,4624994
2014-05-30,51.219501,51.219501,49.7561,49.843899,45.680325,15940009
2014-06-02,50.146301,51.0732,49.824402,50.9268,46.672768,6845867
2014-06-03,50.887798,51.678101,50.634201,51.482899,47.182423,2235189
2014-06-04,51.512199,51.6488,50.731701,51.453701,47.155659,3084038
2014-06-05,51.453701,52.526798,51.317101,52.390202,48.013939,3941640
2014-06-06,52.292702,52.643902,52.048801,52.438999,48.058647,2844734
2014-06-09,52.624401,53.0732,52.4683,52.682899,48.282185,3426322
2014-06-10,52.390202,53.024399,51.912201,52.878101,48.461079,1961367
2014-06-11,52.682899,52.868301,52.097599,52.5756,48.183838,1658584
2014-06-12,52.5756,53.356098,52.048801,52.331699,47.960312,2162528
2014-06-13,52.5658,52.614601,51.258499,51.492699,47.191395,2034635
2014-06-16,51.7854,52.682899,51.219501,52.3512,47.978191,1804709
2014-06-17,52.195099,52.780499,51.717098,52.731701,48.326904,1504969
2014-06-18,52.419498,52.946301,52.390202,52.8293,48.416344,2057989
2014-06-19,52.8293,53.1707,52.536598,52.848801,48.434219,1756311
2014-06-20,52.8293,53.609798,52.321899,53.463402,48.997482,5372929
2014-06-23,53.463402,53.463402,52.7024,53.278,48.827568,1068869
2014-06-24,53.278,53.658501,52.868301,53.082901,48.648758,1283910
2014-06-25,53.082901,53.082901,52.341499,52.624401,48.228565,2075047
2014-06-26,52.682899,53.463402,52.195099,53.2878,48.836544,2965170
2014-06-27,53.1707,53.326801,52.195099,52.321899,47.951328,1448986
2014-06-30,52.321899,52.780499,52.204899,52.370701,47.996059,1472082
2014-07-01,52.370701,52.673199,51.512199,51.736599,47.414925,1978050
2014-07-02,51.736599,52.195099,51.5219,52.068298,47.718918,2185975
2014-07-03,52.048801,52.536598,52.048801,52.4683,48.085503,1961826
2014-07-04,52.204899,52.8195,52.204899,52.7122,48.309032,682175
2014-07-07,52.448799,52.868301,51.599998,51.7463,47.423809,2297879
2014-07-08,52.077999,52.3512,51.804901,52.2244,47.861973,1268614
2014-07-09,52.2244,52.5756,51.4049,51.980499,47.638454,2439272
2014-07-10,51.609798,52.1073,51.4146,51.931702,47.593723,1892829
2014-07-11,51.7659,52.799999,51.687801,51.902401,47.566879,1837527
2014-07-14,51.736599,52.975601,51.736599,52.8195,48.40736,1854391
2014-07-15,52.790199,53.121899,52.546299,52.995098,48.568295,2181033
2014-07-16,53.112202,53.1707,52.438999,52.663399,48.264309,1852993
2014-07-17,52.3512,53.0732,52.3512,52.858501,48.443108,1188904
2014-07-18,52.878101,53.1707,52.321899,53.102402,48.666641,2268874
2014-07-21,52.907299,53.141499,52.5951,52.741501,48.33588,846605
2014-07-22,53.0732,53.0732,51.951199,52.058498,47.709942,2052094
2014-07-23,52.448799,52.448799,50.731701,51.200001,46.923149,3839277
2014-07-24,51.473202,52.4683,51.473202,51.7561,47.432796,2989242
2014-07-25,52.058498,52.780499,51.7561,52.438999,48.058647,2679722
2014-07-28,52.682899,53.141499,52.195099,53.0439,48.613022,2975023
2014-07-29,53.1707,53.561001,53.082901,53.268299,48.818687,2862643
2014-07-30,53.365799,53.365799,52.497601,52.653702,48.255417,1497261
2014-07-31,52.682899,52.682899,51.219501,51.609798,47.29871,3069909
2014-08-01,51.8927,52.624401,50.5854,50.7024,46.467117,3456249
2014-08-04,50.799999,52.058498,50.751202,51.7463,47.423809,1737181
2014-08-05,51.9902,53.1707,51.5219,53.053699,48.622002,4233584
2014-08-06,53.053699,55.590199,52.068298,55.102402,50.499577,6587372
2014-08-07,55.0732,55.307301,54.7122,55.160999,50.553272,3586021
2014-08-08,55.1707,55.1707,54.341499,54.624401,50.061508,1822033
2014-08-11,54.6049,55.317101,54.536598,54.858501,50.276043,1816039
2014-08-12,54.8293,55.209801,54.341499,54.429298,49.882698,2511658
2014-08-13,54.536598,54.9268,54.048801,54.204899,49.677032,2407677
2014-08-14,54.331699,55.024399,54.292702,54.946301,50.356506,3461191
2014-08-15,55.014599,55.014599,54,54.1073,49.587589,3272425
2014-08-18,54.341499,55.7756,54.341499,55.5317,50.892998,5730736
2014-08-19,55.561001,56.682899,55.561001,56.380501,51.67091,6004470
2014-08-20,56.380501,56.9268,56.0098,56.722,51.983879,4102289
2014-08-21,56.761002,57.0634,56.097599,56.5854,51.858696,3303053
2014-08-22,56.5854,56.770699,56,56.429298,51.715633,2227098
2014-08-25,56.5854,56.780499,56.312199,56.556099,51.831844,1327883
2014-08-26,56.780499,56.897598,55.1707,55.697601,51.045059,3590786
2014-08-27,55.697601,56.4781,55.512199,56.097599,51.41164,2743750
2014-08-28,56.087799,56.438999,55.463402,55.609798,50.964588,2181827
2014-08-29,55.658501,55.658501,54.8293,55.014599,50.419109,6066317
2014-09-01,55.1707,55.570702,53.795101,53.960999,49.453518,4424551
2014-09-02,54.2244,55.873199,54.2244,55.5317,50.892998,4014934
2014-09-03,55.5317,56.517101,55.5317,56.400002,51.688782,2916414
2014-09-04,56.526798,56.526798,56.097599,56.370701,51.66193,1454208
2014-09-05,56.390202,56.4683,55.4146,55.5317,50.892998,1855836
2014-09-08,55.843899,56.380501,55.843899,56.2341,51.536739,1742000
2014-09-09,56.341499,56.341499,54.9366,55.3951,50.767811,2526020
2014-09-10,55.795101,56.321899,54.887798,56.2537,51.554695,2533556
2014-09-11,56.195099,56.2244,55.590199,55.707298,51.053947,1363955
2014-09-12,56.087799,56.087799,55.082901,55.258499,50.642628,1195549
2014-09-15,55.3951,55.4049,54.546299,54.653702,50.088352,823247
2014-09-17,55.024399,55.804901,54.673199,55.4146,50.785694,1537400
2014-09-18,55.804901,56.058498,55.5219,55.922001,51.25071,2182006
2014-09-19,55.941502,56.487801,55.4244,56.409801,51.697762,3135897
2014-09-22,56.419498,56.419498,55.121899,55.795101,51.134411,3645019
2014-09-23,55.8927,56.097599,55.121899,55.726799,51.071812,2472995
2014-09-24,56.087799,56.087799,55.1805,55.317101,50.696342,2632825
2014-09-25,55.453701,55.453701,53.853699,54.897598,50.311874,3102460
2014-09-26,55.609798,55.609798,54.2439,54.741501,50.168819,1353281
2014-09-29,54.195099,55.248798,53.853699,55.053699,50.454929,1909337
2014-09-30,54.780499,55.268299,54.448799,54.614601,50.052513,1988081
2014-10-01,55.053699,55.053699,53.7659,54.2341,49.703808,1951570
2014-10-02,54.2341,54.634201,53.7561,54.4683,49.918442,2079509
2014-10-03,54.634201,55.599998,54.497601,55.141499,50.535404,2577437
2014-10-06,55.590199,56.077999,54.097599,54.682899,50.115108,2114445
2014-10-07,54.8293,54.8293,53.7854,53.8829,49.381943,2931817
2014-10-08,53.8634,55.0732,53.668301,54.2341,49.703808,2234649
2014-10-09,54.2244,54.5756,52.790199,52.985401,48.559406,2172735
2014-10-10,52.878101,53.4342,51.209801,51.9902,47.647346,3653388
2014-10-13,52.019501,53.629299,51.356098,51.9902,47.647346,1608396
2014-10-14,52.2244,52.5756,51.229301,52.204899,47.844105,2509453
2014-10-15,52.039001,52.068298,50.097599,50.975601,46.717491,9731133
2014-10-16,50.634201,51.697601,50.2537,51.463402,47.164547,1771640
2014-10-17,51.951199,53.258499,51.151199,51.365799,47.075104,1586186
2014-10-20,51.365799,52.917099,51.365799,52.292702,47.924568,4128211
2014-10-21,52.029301,54.029301,52.029301,53.551201,49.07795,4641930
2014-10-22,53.551201,54.048801,53.248798,53.873199,49.373051,1456797
2014-10-23,54.048801,55.0634,53.5415,54.175598,49.650185,1615765
2014-10-24,53.317101,54.673199,53.317101,54.400002,49.855846,1098125
2014-10-27,54.634201,54.634201,53.4244,54.400002,49.855846,911628
2014-10-28,54.282902,54.282902,51.561001,52.419498,48.040779,6576618
2014-10-29,52.321899,53.160999,52.195099,52.741501,48.33588,2005233
2014-10-30,52.2341,53.5415,52.2341,53.492699,49.02433,2953940
2014-10-31,53.609798,54.1171,53.512199,53.7463,49.256748,2894383
2014-11-03,53.843899,53.843899,52.9561,53.317101,48.863407,846556
2014-11-04,53.219501,53.2878,52.4585,52.770699,48.36264,1714443
2014-11-05,52.8293,52.897598,51.8634,52.5658,48.174858,1820627
2014-11-06,52.5756,52.751202,52.146301,52.419498,48.040779,2228844
2014-11-07,52.146301,52.487801,52.1073,52.263401,47.897724,905838
2014-11-10,52.321899,52.673199,52.156101,52.497601,48.112358,1144370
2014-11-11,52.487801,52.5658,51.7463,52.175598,47.817245,1177024
2014-11-12,52.195099,52.195099,50.487801,51.4244,47.128811,3696854
2014-11-13,50.780499,50.790199,49.580502,49.922001,45.751907,6600971
2014-11-14,49.931702,50.292702,48.536598,48.975601,44.884556,4483629
2014-11-18,50.1366,50.2439,48.292702,49.004902,44.911419,2202162
2014-11-19,50,50.282902,48.809799,49.8634,45.698196,2393793
2014-11-20,49.365799,50.380501,49.365799,50.077999,45.894871,1296595
2014-11-21,50.8293,51.697601,50.2341,50.517101,46.297298,2004498
2014-11-24,50.761002,50.761002,49.3951,49.951199,45.778667,2628995
2014-11-25,49.902401,50.7024,49.7561,50.2146,46.020061,1961383
2014-11-26,49.814602,50.2439,49.492699,50.146301,45.957474,2587387
2014-11-27,49.8927,50.273201,49.5415,49.639,45.492542,666916
2014-11-28,49.8829,49.8829,48.429298,49.473202,45.340591,4566015
2014-12-01,48.799999,48.809799,46.8293,47.014599,43.087357,4475964
2014-12-02,47.4146,47.590199,45.873199,45.980499,42.139645,2294345
2014-12-03,45.9902,47.8634,45.385399,47.209801,43.266266,3282429
2014-12-04,47.209801,47.707298,46.2439,47.307301,43.35561,2719371
2014-12-05,47.4146,47.804901,47.0341,47.2878,43.337734,1114424
2014-12-08,47.609798,47.609798,44.634201,45.375599,41.585278,3632726
2014-12-09,45.024399,45.7854,44,45.317101,41.531666,3961271
2014-12-10,45.365799,46.331699,43.0634,44.185398,40.494495,4487942
2014-12-11,44.185398,45.082901,42.048801,42.370701,38.831387,4157411
2014-12-15,42.331699,42.331699,40.175598,40.185398,36.828621,597869
2014-12-16,40.5854,42.9268,38.799999,41.443901,37.982002,8488502
2014-12-17,41.7463,42.673199,40.985401,41.4244,37.96413,10087292
2014-12-18,41.629299,43.912201,41.629299,43.804901,40.145775,5117106
2014-12-19,44.077999,44.614601,43.0732,44.068298,40.387169,4173328
2014-12-22,44.487801,44.848801,43.219501,43.658501,40.011608,1746199
2014-12-23,43.5219,43.912201,43.317101,43.629299,39.984844,2056174
2014-12-24,43.317101,43.853699,42.9561,43.5219,39.886414,459587
2014-12-26,43.902401,44.282902,43.570702,43.951199,40.279854,1049029
2014-12-29,44.146301,44.780499,43.687801,43.726799,40.074196,965172
2014-12-30,43.609798,44.292702,43.2976,43.970699,40.297718,1644396
2014-12-31,43.7561,44.282902,43.317101,43.717098,40.065308,956588
2015-01-02,43.5317,43.639,41.190201,41.7756,38.28598,2015624
2015-01-05,41.590199,41.590199,38.653702,39.473202,36.175919,6402789
2015-01-06,39.668301,41.1707,38.546299,39.941502,36.605095,5160491
2015-01-07,40.682899,42.438999,40,41.931702,38.42905,4294742
2015-01-08,42.2439,42.682899,42.048801,42.1073,38.589977,3910386
2015-01-09,42.321899,43.317101,41.492699,42.995098,39.40361,3011601
2015-01-12,42.770699,42.975601,42.195099,42.5951,39.037033,1594509
2015-01-13,42.643902,43.4049,40.751202,40.946301,37.525963,2838982
2015-01-14,40.292702,41.463402,39.7659,40.985401,37.561798,3809924
2015-01-15,41.1707,42.087799,40.9659,41.687801,38.205528,5350473
2015-01-16,41.278,42.8293,41.278,42.507301,38.956573,2223935
2015-01-19,42.341499,42.848801,42,42.517101,38.965553,331061
2015-01-20,42.614601,43.326801,41.492699,42.8195,39.242683,3071210
2015-01-21,43.307301,43.307301,42.1073,42.809799,39.233799,3201814
2015-01-22,43.014599,44.390202,42.663399,44.282902,40.583851,3551936
2015-01-23,44.282902,44.312199,42.761002,43.551201,39.913265,3137481
2015-01-26,42.8293,44.370701,42.653702,43.912201,40.244114,1541360
2015-01-27,43.8829,43.8829,42.9366,43.4146,39.788086,3703229
2015-01-28,43.4049,43.609798,42.068298,42.634201,39.072876,2893234
2015-01-29,42.448799,42.624401,40.019501,42.1171,38.598965,4213346
2015-01-30,42.1171,42.1171,40.341499,40.546299,37.159378,4048030
2015-02-03,41.4049,42.146301,41.082901,41.717098,38.232372,3184494
2015-02-04,41.922001,42.1073,40.380501,40.780499,37.374008,1628501
2015-02-05,40.887798,43.0341,40.887798,42.741501,39.171215,3206341
2015-02-06,42.731701,43.4146,41.960999,43.0634,39.466217,2448302
2015-02-09,42.2439,43.365799,42.0098,42.165901,38.643688,1140538
2015-02-10,42.195099,42.536598,40.780499,40.9268,37.508087,2442729
2015-02-11,41.024399,41.443901,40.556099,41.121899,37.686886,2232815
2015-02-12,41.0439,42.848801,41.0439,42.663399,39.099628,2153014
2015-02-13,42.731701,42.917099,41.658501,41.912201,38.411179,2172541
2015-02-16,41.707298,42.897598,41.707298,41.902401,38.402199,437611
2015-02-17,41.922001,41.922001,41.102402,41.678101,38.196648,2932106
2015-02-18,41.463402,41.902401,41.0732,41.375599,37.919415,2513632
2015-02-19,41.082901,41.824402,41.082901,41.707298,38.223392,1872425
2015-02-20,41.268299,42.263401,41.268299,41.726799,38.241272,1694554
2015-02-23,41.658501,42.029301,41.278,41.326801,37.874687,1669639
2015-02-24,41.6488,43.4244,41.219501,43.004902,39.532177,4348414
2015-02-25,42.9268,43.902401,42.8195,43.7463,40.213707,3584718
2015-02-26,42.731701,42.8293,41.922001,42.2537,38.841633,4766391
2015-02-27,42.526798,42.946301,40.9659,42.517101,39.083771,5704629
2015-03-02,42.2439,42.419498,41.024399,41.209801,37.882027,3103423
2015-03-03,41.209801,41.551201,40.487801,40.663399,37.379753,2876425
2015-03-04,40.682899,40.946301,39.512199,39.6488,36.447086,3717212
2015-03-05,39.6488,41.1707,39.6488,40.809799,37.514336,4670411
2015-03-06,40.780499,41.1805,40.1366,41.014599,37.702599,1934190
2015-03-09,41.014599,41.131699,40.204899,40.497601,37.227341,1400047
2015-03-10,40.497601,40.5951,39.6488,39.726799,36.518787,2538462
2015-03-11,39.726799,40.312199,39.707298,40.048801,36.814796,2212155
2015-03-12,40.146301,41.512199,40.146301,40.995098,37.684666,3898228
2015-03-13,40.975601,41.160999,40.195099,40.878101,37.577129,2564295
2015-03-17,40.878101,41.082901,39.7659,40.058498,36.823696,2408217
2015-03-18,40.097599,40.878101,39.922001,40.770699,37.478397,2988444
2015-03-19,40.761002,40.975601,39.902401,40.263401,37.012058,2474465
2015-03-20,40.195099,40.946301,40.039001,40.409801,37.146641,4349953
2015-03-23,40.692699,41.4146,40.4585,40.917099,37.612965,3586546
2015-03-24,41.317101,41.317101,40.341499,40.497601,37.227341,2098865
2015-03-25,40.321899,40.780499,39.8634,40.1171,36.877567,2455570
2015-03-26,40.0098,40.273201,39.551201,39.814602,36.59951,2487421
2015-03-27,39.814602,39.922001,39.151199,39.5317,36.339436,1921645
2015-03-30,39.4146,40.195099,39.1707,39.482899,36.294582,1674581
2015-03-31,39.453701,39.960999,38.614601,38.868301,35.729618,2586088
2015-04-01,38.878101,39.658501,37.8927,38.653702,35.532341,3495294
2015-04-06,38.682899,40.380501,38.682899,40.2341,36.98513,3524531
2015-04-07,40.1366,41.365799,40.1366,41.082901,37.765381,4355876
2015-04-08,40.634201,41.365799,40.4781,40.809799,37.514336,2252237
2015-04-09,40.9561,40.9561,40.019501,40.448799,37.182484,1112262
2015-04-10,40.8293,40.839001,40.0098,40.5854,37.308056,1544640
2015-04-13,40.5854,40.907299,40.077999,40.2244,36.9762,1819986
2015-04-14,40.2244,40.526798,39.590199,39.804901,36.590588,5042187
2015-04-15,40.048801,41.4342,40.048801,40.887798,37.586033,3668008
2015-04-16,40.761002,41.8927,40.761002,41.668301,38.303505,3837775
2015-04-17,41.678101,41.902401,41.1805,41.687801,38.321438,3023723
2015-04-20,41.219501,42.019501,41.219501,41.570702,38.213795,1626296
2015-04-21,41.590199,41.912201,41.219501,41.668301,38.303505,2653502
2015-04-22,41.873199,43.1707,41.707298,43.0634,39.585953,6176460
2015-04-23,43.0634,44.097599,42.731701,43.6488,40.124088,3912318
2015-04-24,43.4146,44.087799,42.8293,42.9366,39.469391,1487184
2015-04-27,43.121899,43.902401,42.868301,43.7659,40.23172,3201568
2015-04-28,43.795101,43.804901,42.770699,43.658501,40.132996,2386080
2015-04-29,43.4342,43.629299,42.9268,43.219501,39.729454,2395313
2015-04-30,43.512199,43.512199,42.370701,42.868301,39.406612,2019101
2015-05-04,42.741501,44.887798,42.741501,44.663399,41.056751,3593681
2015-05-05,44.663399,45.268299,43.7463,44.497601,40.904339,5953572
2015-05-06,44.536598,44.975601,44,44.419498,40.832542,3923831
2015-05-07,44.0098,44.5854,43.0341,43.4146,39.908791,2219958
2015-05-08,43.902401,43.902401,43.229301,43.668301,40.14201,1986000
2015-05-11,43.853699,44.126801,42.8293,43.736599,40.204784,2005389
2015-05-12,42.985401,43.8927,42.985401,43.512199,39.998512,2030907
2015-05-13,43.843899,45.336601,43.7854,44.653702,41.047836,4628491
2015-05-14,44.692699,46.2341,44.624401,45.843899,42.141922,3810229
2015-05-15,45.736599,46.048801,45.492699,45.843899,42.141922,2224031
2015-05-18,45.561001,46.341499,45.561001,45.970699,42.25848,3650979
2015-05-19,46.331699,46.341499,45.804901,45.853699,42.150928,3204404
2015-05-20,45.7561,46.341499,45.590199,46,42.285412,1708645
2015-05-21,46,46.634201,45.960999,46.2439,42.509621,1365108
2015-05-22,46.2439,46.341499,44.975601,45.112202,41.581703,2018568
2015-05-25,45.238998,45.7463,45.238998,45.590199,42.022305,605758
2015-05-26,45.590199,45.599998,45.112202,45.248798,41.707607,2344190
2015-05-27,44.975601,45.1805,44.507301,44.868301,41.356899,2457758
2015-05-28,44.868301,45.0634,44.204899,44.9561,41.437828,1778108
2015-05-29,44.682899,45.951199,44.682899,45.5219,41.959335,16707118
2015-06-01,45.1707,45.1707,44.1171,44.8293,41.32095,3179457
2015-06-02,44.9659,45.317101,44.487801,44.897598,41.3839,2418854
2015-06-03,45.121899,46.1366,44.9659,45.0732,41.545757,2329938
2015-06-04,45.0732,45.0732,44.195099,44.292702,40.826344,1476469
2015-06-05,44.8195,45.619499,44.204899,44.692699,41.195034,1359573
2015-06-08,44.312199,45.736599,44.312199,45.570702,42.004326,1567487
2015-06-09,45.843899,45.853699,44.878101,45.482899,41.923397,2318420
2015-06-10,45.678101,45.7854,44.731701,45.014599,41.491749,3465541
2015-06-11,45.014599,45.658501,45.014599,45.463402,41.905422,2158679
2015-06-12,45.795101,45.795101,44.878101,45.112202,41.581703,2465240
2015-06-15,45.082901,45.346298,44.5658,44.985401,41.464828,2577029
2015-06-16,44.5951,45.365799,44.5951,44.878101,41.365936,1423442
2015-06-17,44.614601,45.1707,44.5951,45.0634,41.536728,1564204
2015-06-18,44.848801,45.190201,44.624401,44.995098,41.47377,4132480
2015-06-19,44.995098,45.004902,44.5854,44.917099,41.401875,5003719
2015-06-22,44.897598,45.258499,44.2244,44.995098,41.47377,1783181
2015-06-23,45.1707,45.258499,44.673199,44.975601,41.455795,1381225
2015-06-24,44.761002,45.160999,44.6049,45.004902,41.482811,2485159
2015-06-25,44.5951,45.0341,44.448799,44.868301,41.356899,2271571
2015-06-26,44.975601,45.365799,44.9268,45.258499,41.71656,999205
2015-06-29,44.878101,44.878101,43.561001,44.380501,40.907269,4102677
2015-06-30,44.146301,44.663399,44.048801,44.282902,40.817314,9296778
2015-07-01,44.292702,44.682899,43.4244,43.639,40.223801,4078232
2015-07-02,43.4146,44.156101,43.4146,43.7659,40.340767,3063644
2015-07-03,43.443901,44.087799,42.8293,43.0439,39.675274,1187641
2015-07-06,42.9268,43.014599,42.185398,42.673199,39.333576,1717535
2015-07-07,42.302399,43.0732,41.804901,42.9268,39.567337,9048811
2015-07-08,42.4683,42.878101,41.804901,42.0098,38.722092,2405207
2015-07-09,42.2439,43.4049,42.2439,42.897598,39.540424,2943586
2015-07-10,43.131699,43.3951,42.536598,42.985401,39.621349,1886956
2015-07-13,43.0732,43.4146,42.361,42.5658,39.234589,1264651
2015-07-14,42.4585,42.858501,42.2146,42.390202,39.072735,932164
2015-07-15,42.722,42.8195,41.922001,42.2146,38.910873,8693489
2015-07-16,42.390202,42.692699,41.8634,41.970699,38.686062,1634962
2015-07-17,42.526798,42.536598,41.9902,42.097599,38.803028,958997
2015-07-20,42.507301,43.356098,42.097599,43.131699,39.756195,2914956
2015-07-21,44.048801,46.526798,44.048801,46.146301,42.53487,16914309
2015-07-22,46,46.2244,44.878101,45.570702,42.004326,7918651
2015-07-23,45.658501,46.2146,45.2878,45.629299,42.058342,5426379
2015-07-24,45.619499,46.370701,45.463402,46.282902,42.660786,4060076
2015-07-27,46.019501,46.2439,45.0439,45.795101,42.211163,2794705
2015-07-28,45.726799,46.8293,45.726799,46.282902,42.660786,5193385
2015-07-29,46.1171,46.761002,45.853699,46.146301,42.53487,1539771
2015-07-30,46.331699,46.4683,46,46.146301,42.53487,2093558
2015-07-31,46.126801,46.2439,45.7561,46.039001,42.435978,2112959
2015-08-03,45.561001,46.341499,45.375599,46.019501,42.418007,1808918
2015-08-04,45.7561,46.5854,45.492699,45.707298,42.130238,2008847
2015-08-05,45.8829,45.902401,44.546299,45.024399,41.500778,2609225
2015-08-06,45.385399,45.639,44.878101,45.317101,41.770569,1421239
2015-08-07,45.336601,45.561001,45.1805,45.317101,41.770569,1192687
2015-08-10,44.887798,45.795101,44.497601,45.053699,41.527782,3281308
2015-08-11,44.878101,44.975601,44.165901,44.380501,40.907269,2479005
2015-08-12,44.3512,44.361,43.238998,43.7561,40.331738,2921746
2015-08-13,43.902401,44.370701,43.7561,43.980499,40.538574,3437974
2015-08-14,43.980499,44.029301,43.229301,43.4244,40.025993,1051151
2015-08-17,43.941502,43.941502,42.975601,43.1805,39.801189,1616365
2015-08-18,42.946301,43.4244,42.643902,43.229301,39.846169,2333309
2015-08-19,43.8927,43.8927,42.331699,42.848801,39.495434,2805723
2015-08-20,42.868301,42.9268,42.048801,42.273201,38.96489,2075486
2015-08-21,42.048801,42.068298,40.507301,40.799999,37.606983,3109037
2015-08-24,39.512199,40.370701,36.653702,39.902401,36.892662,8744792
2015-08-25,40.9659,41.463402,40.029301,40.2244,37.190365,2757438
2015-08-26,41.219501,41.219501,38.624401,39.639,36.649128,5012802
2015-08-27,39.970699,41.443901,39.804901,41.365799,38.245674,4720812
2015-08-28,40.5951,41.824402,40.5951,41.2976,38.182617,6699850
2015-08-31,41.1805,41.951199,40.487801,41.873199,38.714806,3809284
2015-09-01,41.6488,41.941502,40.331699,40.6049,37.542168,2752505
2015-09-02,40.975601,41.336601,40.0098,40.5756,37.515072,1797678
2015-09-03,40.741501,41.4049,40.2341,40.9659,37.875942,2141645
2015-09-04,40.946301,41.092701,40.6049,40.9366,37.848843,2205356
2015-09-07,40.7024,40.8293,40.126801,40.4781,37.424938,599239
2015-09-08,40.5854,41.112202,40.536598,40.9561,37.866875,2501339
2015-09-09,40.946301,41.453701,40.946301,41.121899,38.020164,1390737
2015-09-10,40.975601,41.6488,40.9561,41.453701,38.326946,1371953
2015-09-11,41.443901,41.443901,40.526798,40.799999,37.722557,2047403
2015-09-14,40.536598,41.121899,40.517101,40.848801,37.767681,1247970
2015-09-15,41.561001,41.687801,40.917099,41.317101,38.200653,1205575
2015-09-17,41.658501,41.8927,40.682899,41.5415,38.408127,3092844
2015-09-18,41.024399,41.834099,40.975601,41.482899,38.353943,6293897
2015-09-21,41.0341,41.463402,40.5951,40.780499,37.704525,1703582
2015-09-22,40.5854,40.5854,39.658501,40.2244,37.190365,2421299
2015-09-23,40.126801,40.497601,39.902401,40.361,37.316662,2021908
2015-09-24,40,40.204899,39.512199,39.931702,36.919743,1847407
2015-09-25,39.658501,41.561001,39.658501,40.780499,37.704525,1781982
2015-09-28,40.2439,41.356098,39.1805,39.951199,36.937775,2078116
2015-09-29,39.570702,40.6049,39.561001,39.902401,36.892662,1522930
2015-09-30,40.195099,40.878101,40.195099,40.497601,37.442966,2322027
2015-10-01,40.507301,41.0341,40.409801,40.9659,37.875942,2654213
2015-10-02,40.799999,40.9561,40.077999,40.839001,37.75861,1530112
2015-10-05,40.975601,41.463402,40.975601,41.238998,38.128433,1473450
2015-10-06,41.102402,41.463402,40.975601,41.131699,38.029228,1842616
2015-10-07,41.268299,41.463402,40.682899,40.741501,37.668457,6529301
2015-10-08,40.741501,42.3512,40.692699,41.970699,38.804951,4492232
2015-10-09,42.087799,44,41.970699,43.902401,40.590939,7200686
2015-10-12,43.902401,44.0098,43.053699,43.492699,40.212151,2480742
2015-10-13,43.3951,43.834099,43.024399,43.590199,40.302296,2096754
2015-10-14,43.512199,44.1171,42.9561,43.902401,40.590939,2363255
2015-10-15,44.1366,44.292702,43.121899,43.463402,40.185066,1476519
2015-10-16,43.707298,43.843899,43.336601,43.658501,40.365448,2165100
2015-10-19,43.4244,44.2341,43.248798,44.048801,40.726299,1534473
2015-10-20,43.317101,44.292702,43.317101,44.2341,40.897625,2871699
2015-10-21,44.682899,45.1805,43.4244,44.2244,40.88866,4197623
2015-10-22,44.146301,44.731701,43.1805,43.736599,40.437653,3925934
2015-10-23,43.736599,43.902401,42.497601,43.238998,39.977581,4125634
2015-10-26,42.780499,44.1366,42.673199,43.4049,40.130962,2722514
2015-10-27,43.473202,43.795101,42.156101,42.673199,39.454453,2147261
2015-10-28,42.8293,43.200001,42.2244,43.082901,39.833256,2058724
2015-10-29,42.9659,43.7463,42.2537,43.346298,40.07679,1549949
2015-10-30,43.356098,43.356098,41.5219,41.795101,38.642593,3115502
2015-11-03,41.912201,42.487801,41.804901,42.195099,39.012424,2968323
2015-11-04,42.195099,43.209801,42.195099,42.526798,39.319099,3160741
2015-11-05,42.4585,43.131699,42.4585,42.624401,39.409348,1160905
2015-11-06,43.209801,43.209801,41.4049,41.512199,38.381031,2703917
2015-11-09,41.463402,41.7854,39.7756,40.770699,37.695469,3271482
2015-11-10,39.834099,40.848801,39.834099,40.751202,37.677437,2358550
2015-11-11,40.536598,41.092701,40.048801,40.185398,37.154305,1103849
2015-11-12,40.048801,40.624401,39.512199,39.7756,36.775425,1897543
2015-11-13,39.795101,40.429298,39.307301,39.453701,36.477798,1455458
2015-11-17,40.8195,40.9561,39.4342,39.492699,36.513855,1385467
2015-11-18,39.570702,41.258499,39.570702,41.082901,37.984112,1829625
2015-11-19,41.453701,41.853699,40.975601,41.102402,38.002144,1191729
2015-11-20,41.102402,42.185398,41.102402,41.8829,38.72377,1510810
2015-11-23,41.8829,41.951199,41.278,41.824402,38.669685,948092
2015-11-24,41.707298,41.951199,41.151199,41.443901,38.432758,1507331
2015-11-25,41.209801,41.843899,40.8293,41.4244,38.414669,1190741
2015-11-26,41.209801,41.658501,40.497601,40.9561,37.980385,610815
2015-11-27,40.975601,41.7561,40.019501,41.4342,38.423756,1198213
2015-11-30,41.492699,41.804901,39.853699,40.039001,37.129925,7137475
2015-12-01,40.302399,40.653702,39.580502,40.5756,37.627529,2226255
2015-12-02,40.5756,40.5756,39.0732,39.1805,36.33379,4453923
2015-12-03,39.3951,40.2244,39.0732,39.258499,36.406132,3005756
2015-12-04,39.1707,39.443901,38.058498,38.526798,35.727592,3270949
2015-12-07,38.887798,38.917099,37.482899,37.8829,35.130478,1717773
2015-12-08,37.8829,38.985401,37.278,38.624401,35.818096,2680593
2015-12-09,38.536598,39.512199,37.7561,38.2341,35.456161,2169676
2015-12-10,38.058498,38.624401,37.902401,38.497601,35.700512,1242750
2015-12-11,38.068298,38.5951,37.668301,38.409801,35.619095,2414864
2015-12-14,38.5951,38.9561,37.609798,38.5951,35.790936,2028163
2015-12-15,38.8293,39.941502,38.614601,39.082901,36.24329,3309509
2015-12-16,39.5219,39.960999,38.292702,38.556099,35.754753,2135218
2015-12-17,38.7122,39.502399,38.204899,39.1707,36.324707,1675622
2015-12-18,39.229301,39.229301,37.7561,37.843899,35.094307,5142032
2015-12-21,39.121899,39.121899,37.970699,38.097599,35.329582,2291846
2015-12-22,38.195099,38.195099,37.512199,37.7561,35.012886,3500573
2015-12-23,37.629299,38.536598,37.580502,38.165901,35.392918,1891758
2015-12-24,38.507301,38.634201,38.156101,38.312199,35.528584,463766
2015-12-28,38.663399,38.9659,38.146301,38.341499,35.555752,967127
2015-12-29,38.438999,38.634201,38.156101,38.263401,35.483337,703725
2015-12-30,38.556099,38.634201,37.463402,37.5219,34.795712,1924191
2015-12-31,37.317101,38.029301,37.160999,37.561001,34.831966,713252
2016-01-04,37.4146,38.331699,36.682899,37.7659,35.021976,1274431
2016-01-05,37.658501,38.1366,36.975601,37.629299,34.895294,2402198
2016-01-06,37.268299,37.678101,36.8293,37.131699,34.433857,2852506
2016-01-07,36.868301,37.0634,34.536598,35.570702,32.986275,6154650
2016-01-08,36.097599,36.8293,35.326801,35.5219,32.94101,3305997
2016-01-11,35.5219,36.663399,35.5219,36.331699,33.691982,2074769
2016-01-12,36.341499,36.946301,35.385399,36.302399,33.664806,1723329
2016-01-13,36.302399,37.082901,36.146301,36.341499,33.701061,3963796
2016-01-14,36.341499,37.024399,35.619499,36.946301,34.261925,2281030
2016-01-15,36.2439,36.634201,35.609798,35.931702,33.321049,3903828
2016-01-18,36.097599,36.097599,34.975601,35.268299,32.705845,770809
2016-01-19,35.5219,35.8927,34.536598,35.131699,32.579166,2785220
2016-01-20,34.9268,34.946301,33.356098,34.790199,32.262486,3898607
2016-01-21,34.8293,35.609798,34.419498,35.336601,32.769184,3352384
2016-01-22,35.707298,36.546299,35.609798,35.912201,33.302963,1712943
2016-01-25,35.902401,35.902401,35.0341,35.2976,32.733017,1184900
2016-01-26,35.248798,35.512199,34.887798,35.0341,32.488663,1822442
2016-01-27,35.014599,35.7561,34.361,35.112202,32.561085,3792938
2016-01-28,35.151199,36.517101,34.985401,35.238998,32.678665,2463947
2016-01-29,35.131699,36.731701,35.053699,36.507301,33.854828,5760385
2016-02-02,36.1073,36.1366,34.878101,35.5219,32.94101,3275763
2016-02-03,35.551201,36.039001,34.9268,35.629299,33.040607,4564772
2016-02-04,35.804901,36.9366,35.678101,36.2537,33.619652,6976411
2016-02-05,36.312199,36.3512,35.824402,35.951199,33.339123,1731686
2016-02-08,36,36,34.156101,34.321899,31.828196,2207791
2016-02-09,34.2537,35.365799,33.7561,35.141499,32.588257,1986850
2016-02-10,35.317101,36.292702,34.985401,35.102402,32.551991,2143885
2016-02-11,34.634201,35.463402,34.019501,35.326801,32.760094,2240969
2016-02-12,35.121899,35.697601,34.799999,35.463402,32.886776,1924950
2016-02-15,35.463402,35.707298,35.238998,35.580502,32.995369,549013
2016-02-16,35.7561,36.497601,35.707298,36.390202,33.746231,2034209
2016-02-17,36.5658,37.238998,35.453701,36.1366,33.511059,6501484
2016-02-18,36.5756,36.858501,35.599998,35.639,33.04961,3563327
2016-02-19,35.7659,36.195099,35.268299,35.4342,32.859699,2165587
2016-02-22,35.619499,36.341499,35.307301,35.512199,32.932018,2452380
2016-02-23,35.570702,35.9902,35.385399,35.804901,33.203453,3375694
2016-02-24,35.980499,36.341499,34.653702,35.9902,33.492222,2611138
2016-02-25,36.302399,36.487801,35.902401,36.331699,33.810013,4485171
2016-02-26,36.497601,36.5854,35.970699,36.1073,33.601189,1752412
2016-02-29,36.1073,37.336601,35.7561,37.053699,34.481899,4696642
2016-03-01,37.0634,38.312199,37.0634,38.165901,35.516907,8384488
2016-03-02,38.2439,38.517101,38.048801,38.2537,35.598618,7558102
2016-03-03,38.370701,38.682899,38.097599,38.624401,35.943584,3908974
2016-03-04,38.731701,40.321899,38.634201,38.858501,36.161438,4250193
2016-03-07,39.014599,40.487801,38.536598,40.3512,37.550529,5404814
2016-03-08,40.204899,40.438999,39.5219,40.048801,37.269123,5170215
2016-03-09,40.4683,40.9366,40.1073,40.282902,37.486984,2765788
2016-03-10,40.546299,40.5854,39.131699,40.370701,37.56868,3070908
2016-03-11,40.487801,40.9561,40.146301,40.302399,37.505116,1903222
2016-03-14,40.302399,41.248798,40.302399,41.102402,38.249596,3220744
2016-03-15,41.0732,41.0732,40,40.156101,37.368977,2411959
2016-03-16,40,41.4342,39.8634,41.248798,38.385834,2789659
2016-03-17,41.356098,42.341499,40.692699,40.946301,38.104336,4196119
2016-03-18,40.9366,42.146301,40.497601,41.151199,38.295002,4682605
2016-03-22,41.707298,42.146301,41.1707,41.326801,38.45842,1960058
2016-03-23,41.385399,42.4683,41.317101,42.331699,39.393574,2027784
2016-03-28,41.951199,42.400002,41.570702,41.873199,38.9669,1088001
2016-03-29,41.931702,42.682899,40.9659,41.473202,38.594666,2854409
2016-03-30,41.599998,42.1366,40.682899,41.561001,38.676369,2958351
2016-03-31,41.599998,42.126801,40.946301,41.2976,38.431244,2917791
2016-04-01,41.951199,41.951199,40.497601,40.673199,37.850182,1536299
2016-04-04,40.634201,40.770699,39.590199,40.263401,37.46883,1908913
2016-04-05,40.292702,40.8195,39.619499,40.321899,37.52327,2534797
2016-04-06,40.029301,41.6488,40.029301,41.4244,38.54924,1901491
2016-04-07,41.443901,41.443901,40.331699,40.9268,38.086189,2538363
2016-04-08,41.0732,41.365799,40.331699,40.448799,37.64135,1222446
2016-04-11,40.878101,41.0439,40.4585,40.614601,37.795647,1598868
2016-04-12,40.9659,41.317101,40.682899,41.238998,38.376713,1996454
2016-04-13,41.278,42.438999,41.131699,42.126801,39.202892,2421336
2016-04-14,42.2439,42.9268,41.873199,42.448799,39.502548,3342117
2016-04-15,42.799999,42.868301,42.165901,42.380501,39.438988,3448841
2016-04-18,41.853699,42.907299,41.590199,42.058498,39.139336,2722370
2016-04-19,42.400002,43.707298,42.400002,43.473202,40.455849,6239810
2016-04-20,43.5415,44.878101,43.346298,44.7024,41.599724,5491928
2016-04-21,42.8293,43.082901,41.658501,42.380501,39.438988,15478804
2016-04-22,42.175598,42.175598,39.512199,40.9561,38.113449,17214708
2016-04-25,40.878101,41.151199,40.2439,41.082901,38.231453,5669051
2016-04-26,40.5951,42.1366,40.5854,41.902401,38.994072,4062161
2016-04-27,41.902401,43.121899,41.824402,42.897598,39.9202,4203788
2016-04-28,42.8293,43.121899,41.5415,42.634201,39.675079,4404950
2016-04-29,42.438999,42.9268,41.951199,42.370701,39.429874,885223
2016-05-02,41.960999,42.3512,41.219501,41.873199,38.9669,1657940
2016-05-03,41.707298,41.7561,41.004902,41.629299,38.739925,2317702
2016-05-04,41.0634,41.658501,40.204899,40.5756,37.759357,7952675
2016-05-05,40.5756,41.131699,40.058498,40.917099,38.077168,1840811
2016-05-06,40.497601,40.975601,40.390202,40.722,37.895599,2251458
2016-05-09,40.917099,40.975601,40.487801,40.9659,38.12257,1755711
2016-05-10,40.995098,41.1805,40.731701,41.053699,38.204277,1807762
2016-05-11,40.878101,40.9366,39.678101,40.156101,37.368977,2567756
2016-05-12,40.731701,41.0732,40.400002,41.014599,38.167892,2109504
2016-05-13,40.507301,40.917099,40.0098,40.614601,37.795647,1601107
2016-05-16,40.682899,40.731701,39.814602,40.058498,37.278152,2905741
2016-05-17,39.824402,40.292702,39.121899,39.209801,36.488354,4100414
2016-05-18,39.141499,39.492699,38.897598,39.053699,36.343086,3742466
2016-05-19,38.9268,39.3951,38.546299,38.868301,36.170559,3624209
2016-05-20,39.121899,39.814602,39.121899,39.5219,36.778797,2414509
2016-05-23,39.580502,39.609798,39.112202,39.4049,36.669914,1949637
2016-05-24,39.346298,39.4049,39.053699,39.336601,36.722847,1882181
2016-05-25,39.385399,39.7854,38.897598,38.985401,36.394989,8062053
2016-05-26,39.024399,39.1805,38.4781,38.917099,36.331223,4694409
2016-05-27,39.014599,39.014599,37.951199,38.6049,36.039768,4778823
2016-05-30,38.741501,39.024399,38.624401,38.673199,36.103527,563060
2016-05-31,38.731701,38.731701,37.609798,37.8829,35.365738,6746589
2016-06-01,38.438999,39.1707,37.843899,38.5854,36.021564,3340722
2016-06-02,38.790199,39.258499,38.263401,38.809799,36.231045,2891113
2016-06-03,39.356098,39.356098,38.673199,38.848801,36.267464,1496162
2016-06-06,39.258499,39.268299,38.673199,38.897598,36.313015,1261470
2016-06-07,39.238998,39.5219,38.663399,39.336601,36.722847,2628094
2016-06-08,39.5415,39.795101,39.258499,39.629299,36.996098,3065338
2016-06-09,39.795101,39.795101,38.946301,39.004902,36.413181,1803402
2016-06-10,39.0634,39.336601,38.497601,38.5658,36.003265,2120416
2016-06-13,38.556099,38.556099,38.048801,38.087799,35.55703,1559529
2016-06-14,38.517101,38.517101,37.561001,37.707298,35.201801,8340865
2016-06-15,38.263401,38.8195,38.029301,38.4781,35.921387,2440561
2016-06-16,38.643902,39.443901,37.970699,39.112202,36.513363,2688547
2016-06-17,38.8293,39.0732,38.507301,38.5854,36.021564,2511515
2016-06-20,39.024399,39.473202,39.004902,39.121899,36.522415,1653400
2016-06-21,39.317101,39.317101,38.312199,38.409801,35.857635,2828828
2016-06-22,38.302399,38.556099,38.146301,38.4585,35.903095,2125442
2016-06-23,38.809799,39.5219,38.556099,39.1707,36.567974,1901402
2016-06-24,37.0732,38.097599,36.878101,37.609798,35.110786,5852382
2016-06-27,37.5415,37.5415,36.400002,36.5658,34.136158,3597656
2016-06-28,36.634201,37.687801,36.419498,36.5756,34.145306,3018788
2016-06-29,37.248798,37.551201,36.780499,37.0341,34.573334,2269605
2016-06-30,36.653702,38.429298,36.653702,37.707298,35.201801,2536146
2016-07-01,38.1171,38.341499,37.5415,37.7659,35.256516,782355
2016-07-04,37.951199,38.4585,37.717098,37.902401,35.383942,283516
2016-07-05,37.707298,38.048801,36.917099,37.307301,34.828392,2267244
2016-07-06,36.887798,37.248798,36.6049,37.004902,34.546082,3029466
2016-07-07,37.0732,37.141499,36.653702,36.770699,34.327438,2499759
2016-07-08,36.643902,37.268299,36.643902,37.1707,34.700863,1416106
2016-07-11,37.229301,37.609798,36.692699,37.0634,34.600693,2969444
2016-07-12,37.092701,38.039001,37.092701,37.902401,35.383942,3797638
2016-07-13,37.951199,38.341499,37.707298,37.843899,35.32933,4015252
2016-07-14,37.824402,38.273201,37.717098,37.970699,35.447704,3853701
2016-07-15,38.048801,38.282902,37.7659,38.1171,35.584373,1724726
2016-07-18,38.077999,38.419498,37.7561,38.341499,35.793869,1468652
2016-07-19,38.068298,38.487801,37.9902,38.331699,35.784725,1614676
2016-07-20,38.048801,38.975601,38.048801,38.8293,36.249252,2167296
2016-07-21,38.975601,38.975601,38.2439,38.761002,36.185486,1743281
2016-07-22,38.556099,38.975601,38.2537,38.751202,36.176353,1135710
2016-07-25,38.429298,39.004902,37.8927,38.390202,35.839336,1450475
2016-07-26,38.438999,38.536598,37.375599,37.5219,35.028725,1703480
2016-07-27,37.4049,38.438999,37.4049,38.2244,35.68454,2616853
2016-07-28,38.146301,39.804901,37.795101,39.619499,36.986942,6231217
2016-07-29,39.463402,39.951199,38.692699,39.8634,37.214645,3461591
2016-08-01,39.8634,40.858501,39.278,40.634201,37.934235,4210479
2016-08-02,40.643902,40.848801,39.7659,40.029301,37.369522,5099976
2016-08-03,40.146301,40.390202,39.609798,39.8927,37.242001,1915069
2016-08-04,40.2341,40.2341,38.731701,39.365799,36.750103,1823928
2016-08-05,39.902401,40.5854,39.453701,40.448799,37.761143,3164796
2016-08-08,40,41.4146,40,41.0732,38.344063,5215240
2016-08-09,41.0732,41.317101,40.536598,41.082901,38.353111,4034861
2016-08-10,40.653702,41.219501,40.1073,40.643902,37.943287,2428432
2016-08-11,40.682899,41.248798,40.526798,41.102402,38.371319,3347163
2016-08-12,41.258499,42.195099,40.858501,41.7561,38.981586,4338826
2016-08-15,41.7659,42.9366,41.639,42.487801,39.664665,9350159
2016-08-16,42.487801,43.453701,42.341499,42.7024,39.865009,2879245
2016-08-17,42.341499,42.9268,41.570702,41.8634,39.081753,2450556
2016-08-18,41.8634,42.995098,41.7659,42.887798,40.038082,2753393
2016-08-19,43.024399,43.024399,42.3512,42.673199,39.837746,1663380
2016-08-22,42.634201,42.643902,41.7659,42.556099,39.728432,1856404
2016-08-23,42.487801,43.0732,41.951199,42.039001,39.245689,3568338
2016-08-24,41.951199,43.014599,41.668301,42.917099,40.184921,2677326
2016-08-25,42.868301,43.0732,41.951199,42.9659,40.230621,2526539
2016-08-26,43.112202,43.219501,41.658501,42.1073,39.426678,4013600
2016-08-29,42.1171,42.2341,41.102402,41.8829,39.216568,1412296
2016-08-30,41.443901,42.663399,41.443901,42.507301,39.801224,2014584
2016-08-31,42.195099,42.8195,41.7756,42.2439,39.554581,5208800
2016-09-01,42.361,43.219501,42.029301,42.975601,40.2397,4976534
2016-09-02,42.634201,43.609798,42.634201,43.5219,40.751225,3061377
2016-09-05,43.7463,43.902401,42.975601,43.502399,40.732964,513123
2016-09-06,43.678101,44.380501,43.4342,44.165901,41.354218,5640235
2016-09-07,43.834099,44.8293,43.7561,44.4781,41.646553,3309126
2016-09-08,44.858501,44.858501,44.195099,44.517101,41.683071,1333948
2016-09-09,43.873199,44.390202,43.5219,43.7659,40.979687,3399425
2016-09-12,43.707298,44.146301,42.546299,43.707298,40.924816,3988228
2016-09-13,43.580502,43.580502,42.497601,43.0634,40.321911,4642820
2016-09-14,42.975601,43.4146,42.634201,43.0341,40.294472,3858298
2016-09-15,42.887798,43.609798,42.390202,42.868301,40.139233,4928854
2016-09-19,42.868301,43.141499,42.7122,42.887798,40.15749,2116808
2016-09-20,42.887798,43.238998,42.448799,42.887798,40.15749,1612726
2016-09-21,43.121899,43.151199,42.068298,42.653702,39.938293,3211924
2016-09-22,42.9268,43.502399,42.438999,43.229301,40.477253,4413594
2016-09-23,43.121899,43.5415,42.663399,43.2878,40.532024,2468318
2016-09-26,42.9268,43.229301,42.448799,42.790199,40.066101,1626097
2016-09-27,42.4781,44.146301,42.175598,43.960999,41.162373,3285286
2016-09-28,43.317101,44.4585,43.317101,44.2439,41.42725,2283400
2016-09-29,44.4585,44.7024,42.878101,43.082901,40.340172,2412302
2016-09-30,43.804901,43.804901,42.156101,42.341499,39.645962,3356995
2016-10-03,42.8293,42.917099,41.658501,42.321899,39.627617,3318298
2016-10-04,42.438999,44,42.331699,43.814602,41.025291,3456823
2016-10-05,43.326801,44.204899,43.024399,43.853699,41.061901,1465895
2016-10-06,44.195099,44.195099,43.346298,43.551201,40.778664,1423012
2016-10-07,43.726799,44.0098,42.975601,43.209801,40.458988,1240061
2016-10-10,43.873199,44.448799,43.687801,44.165901,41.354218,1719949
2016-10-11,43.941502,44.438999,43.0439,43.8927,41.098419,1715178
2016-10-12,43.912201,43.941502,43.160999,43.619499,40.842613,940221
2016-10-13,43.190201,43.707298,42.799999,43.375599,40.614235,1673661
2016-10-14,43.219501,43.687801,43.0634,43.2878,40.532024,1281293
2016-10-17,43.219501,43.5219,42.653702,42.9561,40.221447,2175983
2016-10-18,43.356098,44,43.219501,43.853699,41.061901,3310039
2016-10-19,43.873199,44.878101,43.873199,44.7122,41.865753,4025872
2016-10-20,44.634201,44.634201,43.941502,44.273201,41.454697,909354
2016-10-21,43.238998,44.195099,43.238998,44.068298,41.262833,942254
2016-10-24,43.902401,44.390202,43.902401,44.341499,41.518642,919812
2016-10-25,44.409801,44.546299,43.931702,44.1073,41.299351,1412663
2016-10-26,44.087799,44.390202,42.731701,44.175598,41.363304,1459782
2016-10-27,44.400002,44.663399,43.951199,44.409801,41.582596,1657993
2016-10-28,44.438999,45.160999,43.453701,44.7024,41.856567,2299184
2016-10-31,44.731701,44.9659,43.922001,44.097599,41.290268,1836417
2016-11-01,44.312199,44.497601,42.438999,42.946301,40.212265,2569567
2016-11-03,42.975601,43.902401,42.5756,43.258499,40.504589,2824945
2016-11-04,43.190201,44.175598,41.970699,42.556099,39.846912,5269593
2016-11-07,43.365799,44.185398,42.731701,43.258499,40.504589,6166121
2016-11-08,43.902401,44.682899,43.4146,43.951199,41.153198,3259057
2016-11-09,40.9659,43.385399,40.556099,42.2537,39.563759,4191191
2016-11-10,43.658501,43.658501,40.1171,41.0341,38.421799,5664073
2016-11-11,41.0341,42.731701,40.6049,42.077999,39.399246,5629050
2016-11-14,42.087799,42.429298,40.292702,40.663399,38.074699,3883547
2016-11-15,41.141499,42.429298,40.985401,41.7756,39.116104,4364641
2016-11-16,41.834099,43.365799,40.9366,42.751202,40.029583,5443639
2016-11-17,43.209801,43.219501,41.561001,41.824402,39.161797,2283437
2016-11-18,41.795101,43.326801,41.463402,43.102402,40.358429,6414222
2016-11-22,42.077999,44.517101,42.077999,43.053699,40.312828,3408186
2016-11-23,43.053699,44.361,42.907299,43.824402,41.153954,6949222
2016-11-24,43.7561,44.165901,43.5219,43.804901,41.135643,1115652
2016-11-25,44.380501,46.780499,43.902401,46.331699,43.508465,3819807
2016-11-28,46.2439,47.4146,45.970699,47.2878,44.406307,4824109
2016-11-29,47.570702,48.039001,46.5854,47.4244,44.534584,4037903
2016-11-30,47.482899,48.673199,46.897598,47.8634,44.946835,7312444
2016-12-01,47.0439,49.160999,47.0439,47.912201,44.992657,5077651
2016-12-02,48.370701,48.370701,45.853699,46.878101,44.021572,5021731
2016-12-05,47.8829,48.429298,46.390202,47.4049,44.51627,5063382
2016-12-06,47.268299,47.804901,46.039001,46.731701,43.884098,3909212
2016-12-07,46.897598,48.780499,46.429298,48.7024,45.734711,5294135
2016-12-08,48.692699,49.004902,48.097599,48.7024,45.734711,3708820
2016-12-09,48.634201,49.4146,48.204899,49.209801,46.211182,6805720
2016-12-13,49.209801,49.7561,48.302399,48.536598,45.579006,6957170
2016-12-14,50.490002,50.490002,48.549999,48.959999,45.976612,4696909
2016-12-15,48.889999,49.900002,48.880001,49.450001,46.436752,2955759
2016-12-16,49.450001,49.98,47.700001,48.34,45.394398,6993778
2016-12-19,48.25,49.380001,48.25,48.619999,45.657326,1337798
2016-12-20,48.48,49.189999,46.509998,46.610001,43.769806,2680087
2016-12-21,46.740002,47.490002,46.5,46.860001,44.004578,2194275
2016-12-22,46.860001,47.59,46.400002,47.299999,44.417755,2064413
2016-12-23,47.5,48,46.549999,47.68,44.774612,856493
2016-12-26,47.200001,47.68,46.610001,47,44.13604,142819
2016-12-27,47.27,48.290001,46.799999,47.080002,44.211178,952188
2016-12-28,47,47.950001,46.799999,47.549999,44.652531,1357604
2016-12-29,47.900002,48.5,47.77,48.330002,45.384995,1113482
2016-12-30,48.5,48.5,46.330002,47.099998,44.22995,2022229
2017-01-02,47.889999,47.889999,46.939999,47.099998,44.22995,89976
2017-01-03,47.75,47.889999,46.349998,46.700001,43.854328,1766145
2017-01-04,46.900002,48.389999,46.900002,48.23,45.291088,3085147
2017-01-05,48.25,51.66,48.009998,51.029999,47.920471,6494493
2017-01-06,50.209999,52,49.5,50.48,47.403988,4403670
2017-01-09,50.5,51,48.68,49.599998,46.577602,3904575
2017-01-10,49.130001,50.5,49.130001,50.029999,46.981411,1610324
2017-01-11,49.799999,50.790001,49.049999,50.279999,47.216175,1932382
2017-01-12,50.279999,50.799999,49.380001,49.77,46.737251,1726942
2017-01-13,50.279999,51.299999,49.619999,51.049999,47.939255,4464050
2017-01-16,51.099998,51.130001,49.700001,50.209999,47.15044,436803
2017-01-17,50.950001,51.049999,50,50.939999,47.83596,2814578
2017-01-18,51,51.049999,50.080002,50.16,47.103485,1757953
2017-01-19,50.009998,50.119999,48.799999,49.700001,46.671524,2006630
2017-01-20,49.98,50.700001,49.439999,49.619999,46.59639,1500757
2017-01-23,49.549999,51.080002,49.110001,50.400002,47.328865,2182730
2017-01-24,50.450001,51.799999,50.439999,51.5,48.361832,3373714
2017-01-25,51.490002,52,51.009998,51.5,48.361832,3198679
2017-01-26,51.5,51.5,49.650002,50.41,47.338257,1913542
2017-01-27,50.080002,51.48,50.060001,51.16,48.042553,2343989
2017-01-30,50.5,51.860001,49.560001,51.040001,47.929871,3033407
2017-01-31,51,51,49.310001,49.419998,46.408585,3207438
2017-02-01,49.990002,50.16,49.290001,49.720001,46.6903,1630986
2017-02-02,49.549999,50,49.220001,49.709999,46.680908,1409336
2017-02-03,49.990002,50.759998,49.509998,49.98,46.934464,1478003
2017-02-07,49.720001,50.110001,48.84,49.009998,46.02356,1855547
2017-02-08,49.009998,49.880001,48.650002,48.790001,45.816971,3432528
2017-02-09,48.830002,49.880001,48.790001,49.27,46.267723,2252163
2017-02-10,49.59,50.889999,49.380001,50.189999,47.131653,1570007
2017-02-13,50.23,50.25,49.200001,49.84,46.80299,1306841
2017-02-14,50.09,50.09,49.400002,49.790001,46.756035,2171582
2017-02-15,49.599998,50.25,48.75,49.700001,46.671524,1509721
2017-02-16,49.869999,50,48.849998,49.5,46.483707,1350429
2017-02-17,49.080002,49.43,48.169998,48.529999,45.572815,2012004
2017-02-20,48.529999,49.110001,48.310001,48.439999,45.488297,261139
2017-02-21,48.799999,50.700001,48.650002,50.57,47.488499,4003623
2017-02-22,49.57,50.529999,49.5,49.66,46.633957,1724145
2017-02-23,49.48,49.889999,47.91,48.709999,45.753357,3182783
2017-02-24,48.950001,49.41,46.360001,48.700001,45.743973,3045278
2017-02-27,48.700001,49.400002,47.419998,47.709999,44.814056,3406118
2017-02-28,47.66,48.290001,47.029999,47.369999,44.494698,3151497
2017-03-01,47.84,49.25,47.400002,48.860001,45.89426,2271787
2017-03-02,48.5,49.57,48.029999,48.950001,45.97879,1881890
2017-03-03,49.779999,51.380001,48.5,51.16,48.054649,4140429
2017-03-06,50.880001,52.360001,49.82,52.18,49.012733,3359175
2017-03-07,51.310001,52.049999,50.099998,51.119999,48.017078,2238145
2017-03-08,51.099998,52.110001,50.82,51.619999,48.486725,3823428
2017-03-09,50.939999,52.18,50.939999,51.57,48.439762,2066449
2017-03-10,51.310001,51.990002,50.799999,50.970001,47.876183,1947427
2017-03-13,51.060001,51.490002,50.700001,51.25,48.139183,1240023
2017-03-14,50.799999,50.889999,49.889999,50.57,47.500454,2605837
2017-03-15,50.290001,51.150002,50.16,51.060001,47.960716,4519528
2017-03-16,51.939999,52.189999,51.169998,51.939999,48.787304,5136137
2017-03-17,51.939999,52.299999,51.48,51.75,48.608841,9064397
2017-03-21,51.599998,53.599998,50.5,50.990002,47.894966,8035797
2017-03-22,51.029999,51.029999,49.799999,50.599998,47.528641,2197009
2017-03-23,50.52,51.689999,50.52,51.529999,48.402191,3002377
2017-03-24,51,52.950001,51,51.689999,48.552475,2602625
2017-03-27,51.779999,51.779999,51.080002,51.240002,48.129791,2481606
2017-03-28,51.02,51.970001,51.02,51.43,48.308258,3832500
2017-03-29,51.540001,51.720001,51.07,51.490002,48.364624,1766271
2017-03-30,51.580002,51.860001,50.509998,51.139999,48.035866,4703844
2017-03-31,51.150002,51.700001,50.689999,51.029999,47.932541,2336150
2017-04-03,51.790001,51.860001,51.299999,51.470001,48.345833,1293560
2017-04-04,51.049999,52.419998,51.049999,52.330002,49.153633,2759371
2017-04-05,52.450001,52.790001,51.5,51.860001,48.712158,3955919
2017-04-06,51.889999,52.009998,51.099998,51.509998,48.3834,1936392
2017-04-07,51.669998,51.939999,50.93,51.220001,48.111015,1056786
2017-04-10,51.220001,51.549999,50.639999,51.48,48.355221,1574108
2017-04-11,51.139999,51.650002,50.59,51.32,48.204937,1214583
2017-04-12,51,51.650002,50.700001,51.240002,48.129791,1072721
2017-04-17,51.5,51.5,50.060001,50.23,47.181099,1910866
2017-04-18,50.23,51.389999,50.23,50.599998,47.528641,1209035
2017-04-19,50.599998,51.34,50.490002,51.009998,47.913754,2143481
2017-04-20,51.240002,51.740002,51.029999,51.41,48.289474,1667089
2017-04-21,51.66,52,51.349998,51.790001,48.646408,1137645
2017-04-24,51.790001,52.950001,51.790001,52.720001,49.519958,2631425
2017-04-25,52.900002,53,52,52.869999,49.660851,2105706
2017-04-26,52.880001,53.099998,51.509998,52.700001,49.501171,2175131
2017-04-27,52.43,53.189999,51.560001,52.029999,48.871841,2635307
2017-04-28,51.950001,52.349998,51.32,51.549999,48.420975,1340320
2017-05-02,51.610001,52.779999,51.59,51.869999,48.721554,1865853
2017-05-03,51.869999,52.419998,51.509998,51.860001,48.712158,1360997
2017-05-04,51.98,52.790001,50.98,51.799999,48.655804,2117199
2017-05-05,51.02,52.099998,51.02,51.709999,48.571266,1209568
2017-05-08,52.389999,53.25,51.709999,53.189999,49.96143,2341391
2017-05-09,52.919998,53.549999,52.91,53.34,50.102322,2584584
2017-05-10,52.450001,53.599998,52.450001,52.73,49.529354,3178592
2017-05-11,52.650002,53.040001,51.5,51.650002,48.514904,2570550
2017-05-12,51.650002,51.740002,51.009998,51.099998,47.998287,6732849
2017-05-15,50.91,51.830002,50.5,50.869999,47.782253,2016571
2017-05-16,50.939999,51.43,49.700001,50.380001,47.321995,4190321
2017-05-17,50.099998,50.599998,49.400002,50.040001,47.002632,3178419
2017-05-18,49.709999,50.169998,49.43,49.689999,46.673878,2734447
2017-05-19,49.720001,50.720001,49.720001,50.189999,47.14352,2365670
2017-05-22,50.669998,50.669998,49.900002,50.049999,47.012016,1506275
2017-05-23,50.049999,50.639999,49.880001,50.490002,47.42532,1728191
2017-05-24,50.669998,50.669998,49.990002,50.290001,47.237453,2835070
2017-05-25,50.279999,50.5,49.91,49.950001,47.1357,2715290
2017-05-26,50.18,50.369999,49.709999,50,47.182877,2589843
2017-05-29,50.029999,50.560001,49.790001,49.959999,47.14513,466436
2017-05-30,49.799999,50.029999,49.529999,49.66,46.862034,1399676
2017-05-31,49.650002,49.950001,48.009998,48.880001,46.125984,7223048
2017-06-01,49,49.389999,48.099998,48.98,46.220345,3136990
2017-06-02,49.439999,49.889999,49,49.439999,46.65443,2196422
2017-06-05,49.799999,49.889999,48.869999,49.369999,46.588371,1303310
2017-06-06,49.369999,49.720001,48.93,48.990002,46.229786,1384525
2017-06-07,49,49.459999,48.200001,48.880001,46.125984,2871634
2017-06-08,48.82,49.389999,48.740002,49.169998,46.399643,2071125
2017-06-09,49.110001,49.310001,48.950001,49.09,46.32415,3170581
2017-06-12,49,49.639999,48.790001,49.110001,46.343021,1468077
2017-06-13,49.110001,49.919998,49.099998,49.540001,46.748795,2500225
2017-06-14,49.619999,50.099998,49.16,49.529999,46.739361,1477067
2017-06-15,49.290001,49.299999,48.200001,48.400002,45.673027,7496616
2017-06-16,48.5,49.880001,47.650002,49.02,46.258091,14608718
2017-06-19,48.990002,49,47.299999,48.150002,45.437111,6354371
2017-06-20,48.48,48.48,47.75,47.950001,45.248383,4889530
2017-06-21,47.93,48.990002,47.68,48.889999,46.135414,2636922
2017-06-22,47.990002,49.490002,47.990002,49.43,46.644989,1425553
2017-06-23,49.43,49.43,48.689999,48.740002,45.99387,1853625
2017-06-26,48.709999,49.389999,47.830002,47.950001,45.248383,2432103
2017-06-27,47.990002,48.139999,47.720001,47.959999,45.257816,3202539
2017-06-28,47.73,48.630001,47.73,48.349998,45.625839,1394811
2017-06-29,48,48.09,47.209999,48.009998,45.304993,2031517
2017-06-30,48.139999,48.889999,48.139999,48.720001,45.974995,2517244
2017-07-03,48.27,49.279999,48.200001,48.290001,45.569214,797287
2017-07-04,48.299999,48.299999,47.900002,47.93,45.229504,429380
2017-07-05,47.939999,48.740002,47.91,48.34,45.616409,1240361
2017-07-06,48.25,48.279999,47.919998,48.049999,45.342747,1985399
2017-07-07,48.130001,48.540001,47.700001,48.27,45.550346,1246727
2017-07-10,48.18,48.82,48.119999,48.73,45.984432,1856881
2017-07-11,48.779999,48.84,47.799999,47.869999,45.172886,3397650
2017-07-12,48.580002,49.18,48.18,49.029999,46.267532,5360329
2017-07-13,48.73,50.439999,48.700001,49.91,47.097946,9133018
2017-07-14,50,50.189999,49.68,50.040001,47.220623,2868139
2017-07-17,50.189999,50.73,49.560001,49.900002,47.088509,1441113
2017-07-18,49.740002,49.889999,49.310001,49.450001,46.663864,1775751
2017-07-19,49.610001,50.400002,49.610001,50.009998,47.192314,2231057
2017-07-20,49.630001,50.16,49.52,49.970001,47.154564,1611256
2017-07-21,50.189999,50.41,49.25,49.459999,46.673302,2192618
2017-07-24,49.459999,49.459999,48.900002,49.209999,46.437386,1991966
2017-07-25,49.43,50.080002,49.23,49.849998,47.041325,2639531
2017-07-26,50,50.5,49.75,50.34,47.503719,2767291
2017-07-27,50.529999,51.400002,50.5,51.130001,48.24921,5931715
2017-07-28,51.09,51.389999,50.759998,50.830002,47.966114,1569795
2017-07-31,50.669998,50.98,50.470001,50.73,47.871746,2029436
2017-08-01,50.73,51.290001,49.860001,50.209999,47.381046,1884234
2017-08-02,50.84,50.84,50.41,50.709999,47.852879,4424148
2017-08-03,50.009998,51.099998,50.009998,50.919998,48.051041,3890976
2017-08-04,51.139999,51.279999,50.84,51.16,48.277519,2100349
2017-08-07,50.439999,50.439999,48.439999,48.540001,45.805138,10760084
2017-08-08,48.549999,49.200001,48.200001,48.68,45.937248,5599455
2017-08-09,48.740002,48.799999,48.369999,48.529999,45.795704,2024139
2017-08-10,48.77,49.009998,48.32,48.73,45.984432,3268249
2017-08-11,49,49,48.700001,48.830002,46.0788,6290134
2017-08-14,48.82,49.290001,48.07,48.169998,45.455986,3144821
2017-08-15,48.130001,48.389999,47.299999,47.48,44.804855,6671971
2017-08-16,47.490002,47.759998,47.220001,47.360001,44.691624,9677089
2017-08-17,47.5,47.5,47.130001,47.18,44.521767,4920378
2017-08-18,47.240002,48.509998,47.169998,48.310001,45.588097,4822575
2017-08-21,48.25,48.5,47.599998,47.990002,45.286129,2268105
2017-08-22,47.610001,48.450001,47.610001,48.169998,45.455986,4198594
2017-08-23,48.169998,48.389999,47.860001,48.25,45.531479,1817395
2017-08-24,47.970001,48.650002,47.84,48.02,45.523506,3646083
2017-08-25,48.5,48.779999,48.450001,48.619999,46.092316,3710862
2017-08-28,48.740002,49.25,47.91,48.189999,45.684673,3581041
2017-08-29,48.189999,48.189999,46.970001,47.639999,45.163269,7614086
2017-08-30,47.639999,47.73,47.41,47.459999,44.992622,4274706
2017-08-31,47.400002,47.830002,47.150002,47.619999,45.144302,6147030
2017-09-01,47.599998,49.099998,47.200001,49.060001,46.509441,3791785
2017-09-04,49.060001,49.060001,48.009998,48.330002,45.817394,470845
2017-09-05,48.41,48.549999,47.599998,48.130001,45.627792,3223811
2017-09-06,48.25,48.799999,47.720001,47.830002,45.343388,2359641
2017-09-07,47.849998,48.549999,47.799999,48.139999,45.637264,1690643
2017-09-08,48.450001,48.560001,47.810001,48.009998,45.514023,5700854
2017-09-11,48.25,48.73,47.849998,48.549999,46.025951,3948071
2017-09-12,48.560001,49.110001,48.150002,48.630001,46.101799,2218353
2017-09-13,48.599998,48.66,48.150002,48.610001,46.082836,2385848
2017-09-14,48.75,48.759998,48.150002,48.540001,46.016476,6801841
2017-09-15,48.400002,48.400002,47.150002,47.279999,44.821976,11251426
2017-09-18,47.599998,48.080002,47.349998,47.509998,45.04002,1623203
2017-09-19,47.509998,48.189999,47.450001,48.189999,45.684673,1088400
2017-09-20,48.189999,48.349998,47.709999,47.990002,45.495071,3021871
2017-09-21,47.639999,48.25,47.439999,47.59,45.115864,1667629
2017-09-22,47.259998,47.740002,47.25,47.349998,44.88834,2057322
2017-09-25,47.349998,47.959999,47.049999,47.27,44.812504,1431036
2017-09-26,47.23,48.27,47.060001,48.200001,45.694157,6745926
2017-09-27,48.200001,48.650002,47.810001,48.41,45.893234,2006721
2017-09-28,48.380001,48.580002,47.299999,47.779999,45.29599,2085933
2017-09-29,47.310001,48.52,47.310001,48.080002,45.580387,2026422
2017-10-02,48.200001,48.450001,47.799999,48.130001,45.627792,1396732
2017-10-03,48.130001,48.400002,47.509998,47.959999,45.466629,1571639
2017-10-04,48.009998,48.389999,47.709999,47.950001,45.45715,1276795
2017-10-05,47.810001,48.34,47.290001,47.799999,45.314945,983446
2017-10-06,47.630001,48.400002,47.27,47.889999,45.400261,2584024
2017-10-09,47.650002,48.25,47.049999,47.459999,44.992622,1350180
2017-10-10,47.529999,48,47.529999,47.919998,45.428707,2024069
2017-10-11,47.860001,48.990002,47.860001,48.84,46.300877,5110951
2017-10-12,48.41,48.810001,47.509998,47.830002,45.343388,3255091
2017-10-13,47.799999,47.810001,46,47.049999,44.603939,5000117
2017-10-16,47.02,47.490002,46.66,47.029999,44.584972,3051798
2017-10-17,47.09,49.490002,46.900002,49.25,46.689564,7236168
2017-10-18,48.799999,49.490002,48.439999,49.240002,46.680084,3182942
2017-10-19,49.34,49.34,48.439999,48.93,46.3862,1417158
2017-10-20,49,49.490002,48.610001,49.02,46.471519,2391666
2017-10-23,49.02,49.389999,48.290001,48.57,46.044914,3630626
2017-10-24,48.740002,49.369999,48.209999,49.209999,46.651642,2791962
2017-10-25,49.18,49.369999,48.66,48.950001,46.405159,1998130
2017-10-26,48.959999,50,48.959999,49.889999,47.296291,4634110
2017-10-27,49.950001,51,49.66,49.869999,47.277328,3147897
2017-10-30,49.869999,50.5,49.57,49.689999,47.106682,1674781
2017-10-31,49.540001,49.919998,49.139999,49.360001,46.793846,3225448
2017-11-01,49.57,50.73,49.490002,50.220001,47.609138,4295304
2017-11-03,49.48,50.700001,49.41,50.450001,47.827175,3335269
2017-11-06,50.57,50.779999,49.970001,50.099998,47.495365,3886843
2017-11-07,50.209999,50.299999,49.619999,49.84,47.248886,1918879
2017-11-08,49.540001,50.549999,49.189999,50.27,47.656532,1470947
2017-11-09,50.389999,50.619999,49.59,49.73,47.144611,2802311
2017-11-10,50.220001,50.220001,48.290001,48.73,46.196594,1983403
2017-11-13,47.810001,50.349998,47.810001,49.860001,47.267849,2388883
2017-11-14,49.779999,50.049999,48.529999,49.32,46.755928,2307866
2017-11-15,48.849998,49.25,48.299999,48.689999,46.158676,2000582
2017-11-16,49.59,49.59,48.830002,49.240002,46.680084,1009726
2017-11-17,49.240002,49.5,49.029999,49.139999,46.585278,1060282
2017-11-21,48.889999,49.490002,48.889999,49.450001,46.879166,2876635
2017-11-22,49.41,49.490002,49.009998,49.34,46.774879,1942539
2017-11-23,49.02,49.490002,48.650002,49.290001,46.727486,357529
2017-11-24,48.799999,49.330002,48.799999,49.099998,46.769844,1197311
2017-11-27,48.849998,49.169998,48.48,48.82,46.503128,1539246
2017-11-28,48.509998,49.07,47.709999,48.139999,45.855392,2690576
2017-11-29,48.150002,49.02,47.75,48.48,46.179264,3234837
2017-11-30,48.48,49.290001,48.32,48.470001,46.169743,3668331
2017-12-01,48.470001,49.290001,47.150002,47.41,45.160042,2189482
2017-12-04,47.73,47.860001,47.189999,47.32,45.07431,2240646
2017-12-05,47.419998,48.970001,47.419998,48.709999,46.398346,2291933
2017-12-06,48.57,48.759998,47.950001,48.380001,46.084011,2802338
2017-12-07,48.470001,48.580002,47.349998,47.48,45.226719,1560408
2017-12-08,47.43,48.439999,47.43,48.189999,45.903027,1173895
2017-12-11,48.43,48.669998,48,48.060001,45.779202,778933
2017-12-13,48.59,50.18,48.150002,50.119999,47.741428,3186171
2017-12-14,49.619999,50.490002,49.259998,49.759998,47.398518,6429443
2017-12-15,50.240002,50.240002,48.860001,49.040001,46.712688,5227921
2017-12-18,49.75,49.970001,48.59,49.459999,47.112755,2102708
2017-12-19,49.580002,49.580002,48.189999,48.34,46.04591,4973513
2017-12-20,48.599998,48.599998,47.029999,47.110001,44.874279,6688693
2017-12-21,47.369999,48.389999,47.080002,48.259998,45.969704,1705266
2017-12-22,48.009998,48.450001,47.700001,48.110001,45.826824,2731896
2017-12-26,47.560001,48.189999,47.560001,48.009998,45.731564,489152
2017-12-27,48.02,48.84,48.02,48.720001,46.407875,973912
2017-12-28,48.84,49.07,48.419998,48.889999,46.569805,1074318
2017-12-29,49.009998,49.09,48.389999,48.630001,46.322147,876795
2018-01-02,49.200001,50.290001,48.529999,50,47.627129,1838931
2018-01-03,49.84,50.189999,49.200001,49.959999,47.589024,1476324
2018-01-04,49.619999,50.5,49.130001,50.330002,47.941467,3214382
2018-01-05,50.380001,50.959999,49.709999,50.860001,48.446316,2773166
2018-01-08,50.849998,50.849998,49.779999,50.139999,47.760487,2435486
2018-01-09,49.75,50.450001,49.299999,50.369999,47.979568,2529795
2018-01-10,49.610001,50.459999,49.41,49.810001,47.446148,2892992
2018-01-11,50,51.799999,49.950001,51.59,49.141674,3647430
2018-01-12,51.060001,52.189999,50.630001,51.639999,49.189293,2954416
2018-01-15,51.119999,52.98,50.82,52.029999,49.560787,1467867
2018-01-16,51.900002,53.09,51.810001,52.669998,50.170414,2601207
2018-01-17,52.540001,53.490002,52.240002,53.369999,50.837196,3148996
2018-01-18,53.220001,53.48,52.450001,53.32,50.789566,3040046
2018-01-19,53.32,53.459999,52.619999,52.900002,50.3895,3438495
2018-01-22,52.130001,53,51.93,52.290001,49.808449,1492972
2018-01-23,52.32,53.5,52.169998,53.279999,50.751465,2336265
2018-01-24,52.900002,54.970001,52.900002,53.98,51.418247,4129705
2018-01-25,54.130001,54.709999,53.400002,53.68,51.132477,2514118
2018-01-26,53.68,54.970001,53.209999,54.700001,52.10408,1929526
2018-01-29,54.700001,54.959999,54.360001,54.700001,52.10408,1754043
2018-01-30,54.040001,54.540001,52.52,52.689999,50.189465,4088558
2018-01-31,52.830002,53.380001,52,52.75,50.24662,2940873
2018-02-01,52.689999,53.580002,52.689999,53.450001,50.913403,3844299
2018-02-02,52.990002,53.970001,52.5,53.439999,50.903873,3959778
2018-02-06,52.369999,52.700001,51,51.849998,49.389328,3794006
2018-02-07,52.5,52.740002,50.93,51.68,49.227402,2658794
2018-02-08,51.98,51.98,50.720001,51.150002,48.722553,4263183
2018-02-09,51.150002,51.490002,50.52,51.009998,48.589191,3080014
2018-02-12,51.139999,51.549999,50.810001,50.970001,48.551094,3778384
2018-02-13,50.84,51.91,50.650002,51.119999,48.693977,2789811
2018-02-14,50.849998,52.990002,50.849998,52.619999,50.122784,2125642
2018-02-15,52.93,54.349998,52.779999,52.950001,50.437126,1568018
2018-02-16,52.82,53.98,52.32,53.040001,50.522858,780136
2018-02-19,53.349998,53.98,52.740002,53.68,51.132477,369269
2018-02-20,53.549999,54,52,52.93,50.418076,1404642
2018-02-21,52.73,53.779999,50.119999,51.470001,49.027367,2307963
2018-02-22,51.310001,55.400002,51.310001,55.130001,52.513668,7298660
2018-02-23,55.68,55.759998,54.200001,54.540001,51.951668,3822829
2018-02-26,53.5,54.540001,53.5,53.68,51.440712,2169854
2018-02-27,53.48,54.220001,53.25,53.459999,51.229893,1837136
2018-02-28,53.740002,53.740002,52.200001,52.84,50.635757,3118829
2018-03-01,52.900002,53.720001,52.599998,53.349998,51.124481,2797302
2018-03-02,53,54,52.43,53.630001,51.392803,3088347
2018-03-05,53.650002,54,53.209999,53.799999,51.555714,3090348
2018-03-06,52.799999,54,52.799999,53.540001,51.306557,4435541
2018-03-07,53.02,54,53,53.759998,51.517376,1384245
2018-03-08,53.75,55.700001,53.139999,55.470001,53.156048,3171355
2018-03-09,55.380001,55.740002,54.869999,55.490002,53.175213,3824747
2018-03-12,55.59,56.639999,54.630001,55.709999,53.386032,3806180
2018-03-13,55.799999,55.990002,54.73,54.91,52.619404,5915799
2018-03-14,54.799999,56.209999,54.330002,55.650002,53.328537,4351503
2018-03-15,55.52,56.34,55.080002,55.77,53.443531,3970647
2018-03-16,55.439999,57,55.130001,55.810001,53.481865,10038398
2018-03-20,55.939999,57.200001,55.919998,56.369999,54.018501,5420340
2018-03-21,56.450001,57.5,55.849998,57.16,54.775551,4216416
2018-03-22,57.209999,57.490002,56.130001,56.389999,54.037663,1964408
2018-03-23,56.5,57.349998,55.880001,56.09,53.750179,2943478
2018-03-26,56.200001,56.799999,55.73,56.580002,54.219742,3380142
2018-03-27,56.299999,56.91,56.110001,56.259998,53.91309,1125448
2018-03-28,56.310001,56.310001,54.900002,55.639999,53.318951,3032195
2018-04-02,55.57,56.560001,54.599998,54.779999,52.494827,2369708
2018-04-03,54.779999,57.25,54.779999,56.220001,53.87476,4754649
2018-04-04,55.900002,58.419998,55.450001,57.610001,55.206779,4584188
2018-04-05,57.560001,59.43,57.360001,57.990002,55.570927,3469778
2018-04-06,58.099998,58.669998,57.110001,57.509998,55.110939,3249807
2018-04-09,57.610001,57.650002,57,57.189999,54.804295,2116390
2018-04-10,56.98,58.18,56.98,57.310001,54.919289,3406032
2018-04-11,57.07,59.200001,57.07,57.939999,55.523006,4410683
2018-04-12,58,59.939999,57.950001,59.029999,56.567539,8471467
2018-04-13,59.18,59.990002,58.66,58.93,56.47171,3083152
2018-04-16,58.939999,59,58.150002,58.23,55.800911,4248835
2018-04-17,58.41,59.099998,58.41,58.860001,56.404629,4018655
2018-04-18,58.849998,58.950001,58.5,58.810001,56.35672,3639519
2018-04-19,58.799999,58.860001,58.34,58.75,56.299217,4977437
2018-04-20,58.889999,59.34,57.950001,59.200001,56.730446,2442288
2018-04-23,59.34,59.549999,58.23,58.73,56.280048,7021922
2018-04-24,58.869999,59.279999,58.139999,58.84,56.385468,1469930
2018-04-25,59,59.09,58.150002,58.549999,56.107559,1800096
2018-04-26,58.799999,59.240002,58.169998,58.939999,56.481297,4191504
2018-04-27,59,59.02,57.93,58.349998,55.915901,3435127
2018-04-30,58.34,58.57,57.990002,58.419998,55.982983,2256205
2018-05-02,58.400002,58.75,57.509998,57.650002,55.24511,3655627
2018-05-03,57.720001,57.91,56.700001,57.349998,54.957619,3353381
2018-05-04,57.369999,57.580002,56.400002,57.060001,54.679718,1957291
2018-05-07,56.93,57.349998,56.150002,56.84,54.468891,2297953
2018-05-08,56.639999,57.290001,56.259998,56.650002,54.286819,3782601
2018-05-09,56.919998,57.099998,56.150002,56.330002,53.980171,2738501
2018-05-10,56.549999,57.34,56.540001,57.02,54.641388,2308339
2018-05-11,57.240002,57.759998,56.900002,57.09,54.708466,1953973
2018-05-14,57.200001,57.34,56.740002,56.970001,54.593472,2968834
2018-05-15,56.650002,57.759998,56.630001,57.41,55.015118,3710868
2018-05-16,57.439999,58.290001,57.330002,57.93,55.513432,1104087
2018-05-17,57.84,57.84,56.619999,56.849998,54.478474,2724997
2018-05-18,56.709999,58,56.25,57.610001,55.206779,3402975
2018-05-21,57.450001,57.950001,56.150002,56.779999,54.411396,2316801
2018-05-22,56.77,56.900002,55.689999,56.75,54.382652,1971215
2018-05-23,56.310001,57.799999,56.119999,56.84,54.468891,3541998
2018-05-24,56.5,57.77,56.34,57.459999,55.063038,2547554
2018-05-25,57.32,57.889999,57.18,57.57,55.168442,2093356
2018-05-28,57.599998,57.619999,56.93,57,54.950329,512896
2018-05-29,56.91,57.57,56.299999,56.810001,54.767162,2319709
2018-05-30,56.560001,56.599998,56.200001,56.330002,54.30442,2169846
2018-05-31,56.23,56.32,55.18,56.189999,54.169453,6107702
2018-06-01,56.150002,56.599998,55.810001,56.310001,54.285137,4155646
2018-06-04,56.389999,56.490002,55.849998,55.93,53.918804,2324905
2018-06-05,55.799999,56.529999,54.610001,55.950001,53.938084,2047103
2018-06-06,56,56,55.509998,55.84,53.832039,1837246
2018-06-07,55.740002,56.290001,55.52,55.98,53.967003,4370462
2018-06-08,56.049999,56.080002,55.110001,55.779999,53.774197,1735325
2018-06-11,55.779999,56.509998,55.349998,55.970001,53.957367,3328216
2018-06-12,56.189999,56.599998,55.630001,55.900002,53.889881,4981378
2018-06-13,56.029999,56.580002,55.799999,55.950001,53.938084,2570755
2018-06-14,56.060001,56.900002,55.43,55.619999,53.619949,3880262
2018-06-15,55.639999,56.580002,55,55.880001,53.870605,7138011
2018-06-18,55.830002,56.540001,55.259998,55.93,53.918804,3183395
2018-06-19,55.709999,55.93,54.700001,55.669998,53.668148,2006128
2018-06-20,55.830002,56.779999,55.52,56.16,54.140533,4185859
2018-06-21,56.029999,56.700001,55.740002,55.93,53.918804,3441411
2018-06-22,56.060001,56.52,55.610001,56.240002,54.217655,4568007
2018-06-25,56.740002,56.740002,54.75,55.009998,53.031883,2816330
2018-06-26,55,55.790001,54.810001,55.439999,53.446426,3706509
2018-06-27,55.310001,56.59,54.939999,56.369999,54.342979,4897303
2018-06-28,56.25,57,56.25,56.91,54.86356,5957086
2018-06-29,56.889999,57.959999,56.700001,57.43,55.364864,3769870
2018-07-02,57.369999,57.919998,56.740002,57.060001,55.008171,2491151
2018-07-03,57.23,58.369999,56.07,57.540001,55.470909,5001305
2018-07-04,57.18,58.75,57.049999,57.310001,55.24918,588998
2018-07-05,57.599998,59.389999,57.599998,59.09,56.965172,4281613
2018-07-06,59.200001,61.5,58.200001,59.689999,57.543598,4228979
2018-07-09,59.919998,61,59.25,59.52,57.379711,3407489
2018-07-10,59.490002,60.369999,58.75,59.549999,57.408627,2611954
2018-07-11,59.32,59.990002,59.200001,59.740002,57.591797,2383074
2018-07-12,59.779999,61,59.34,59.77,57.62072,3194829
2018-07-13,59.77,60.93,58.330002,58.939999,56.820568,1484133
2018-07-16,59.040001,59.990002,57.099998,58.889999,56.772362,1577067
2018-07-17,58.279999,61.189999,58.279999,61.02,58.825775,4770197
2018-07-18,60.849998,62.490002,59.900002,61.82,59.597004,4005511
2018-07-19,61.509998,62.48,60.330002,62.240002,60.0019,2626516
2018-07-20,61.950001,63.490002,60.650002,63.049999,60.782772,3160571
2018-07-23,62.950001,63.09,61.810001,62.84,60.580322,1736633
2018-07-24,62.759998,63.919998,62.41,63.259998,60.985226,3207108
2018-07-25,63.32,64.480003,62.369999,63.369999,61.091263,3565080
2018-07-26,63.580002,65.889999,63.580002,64.040001,61.737175,6869863
2018-07-27,63.919998,64.110001,62.959999,63.459999,61.178028,2699776
2018-07-30,63.68,65.360001,63,64.800003,62.469849,3800235
2018-07-31,64.730003,65.599998,64.709999,65.25,62.903664,3107595
2018-08-01,65.43,66.190002,63.52,65.279999,62.93259,2180869
2018-08-02,65.029999,65.949997,65,65.18,62.836182,4544646
2018-08-03,65.489998,66.190002,65.309998,65.919998,63.549572,2921777
2018-08-06,66.25,66.860001,65.139999,66.309998,63.925545,2361121
2018-08-07,66.599998,67.790001,66.400002,67.559998,65.1306,4356797
2018-08-08,67.230003,67.639999,65.220001,66.150002,63.771297,3535987
2018-08-09,66.139999,66.459999,64.43,65.029999,62.691574,2516836
2018-08-10,64.849998,64.889999,63.66,63.98,61.679333,2348265
2018-08-13,64.139999,65.620003,64,64.43,62.113155,1998667
2018-08-14,64.660004,65.489998,64.309998,64.779999,62.450562,3605865
2018-08-15,64.809998,65.07,63.200001,64.040001,61.737175,2982054
2018-08-16,63.889999,64.57,63.599998,64.209999,61.901062,2407668
2018-08-17,64.25,64.309998,63.150002,63.509998,61.226234,1894825
2018-08-20,63.66,63.82,62.25,63.060001,60.792416,2557192
2018-08-21,63.279999,64.900002,62.830002,63.310001,61.033428,2477392
2018-08-22,63.439999,64.349998,62.720001,62.869999,60.609245,3173285
2018-08-23,62.880001,64.480003,62.82,64.010002,61.708256,2767372
2018-08-24,64.07,64.889999,63.959999,64.5,62.180634,3348318
2018-08-27,64.739998,65,63.799999,64.5,62.180634,1624987
2018-08-28,64.629997,64.889999,63.240002,63.57,61.284073,2146220
2018-08-29,63.43,63.799999,62.91,63.380001,61.10091,2359795
2018-08-30,63.360001,64.169998,62.799999,64.050003,61.746822,1792650
2018-08-31,63.77,65,63,64.690002,62.3638,5177735
2018-09-03,64.809998,64.809998,63.419998,63.900002,61.602207,188667
2018-09-04,63.970001,64.5,63.040001,63.689999,61.399757,2531767
2018-09-05,63.43,65,63.43,64.5,62.180634,4136452
2018-09-06,64.419998,64.900002,63.700001,64.169998,61.862499,2853225
2018-09-07,63.939999,64.169998,62.900002,64.010002,61.708256,2284840
2018-09-10,64.120003,64.900002,62.849998,63.73,61.438324,839247
2018-09-11,63.599998,63.849998,63.049999,63.68,61.390118,3210553
2018-09-12,63.240002,64,63.130001,63.669998,61.380478,3701214
2018-09-13,63.75,64.5,63.200001,64.290001,61.978184,4417418
2018-09-14,63.790001,64.269997,63.48,63.950001,61.65041,1552555
2018-09-17,63.889999,64.389999,63.279999,63.360001,61.081623,1609340
2018-09-18,63.369999,64.190002,63.349998,63.700001,61.409401,2597016
2018-09-19,63.740002,63.98,63.509998,63.73,61.438324,2734590
2018-09-20,63.75,63.990002,63.150002,63.360001,61.081623,3932856
2018-09-21,63.32,63.990002,63.18,63.459999,61.178028,6209405
2018-09-24,63.43,63.740002,63.200001,63.459999,61.178028,1421589
2018-09-25,63.5,63.740002,63.310001,63.59,61.303356,1491109
2018-09-26,63.59,63.799999,63.450001,63.790001,61.496166,3772479
2018-09-27,63.779999,63.790001,63.25,63.560001,61.274437,3146228
2018-09-28,63.459999,64.489998,63.209999,64.360001,62.045666,4042300
2018-10-01,64.5,64.980003,63.75,64,61.698612,4855842
2018-10-02,63.849998,64.529999,63.849998,64.18,61.872139,1956000
2018-10-03,64.480003,64.779999,63.860001,64.650002,62.325245,3264472
2018-10-04,64.610001,64.800003,64.400002,64.650002,62.325245,2264668
2018-10-05,64.669998,64.809998,64,64.690002,62.3638,3378539
2018-10-08,64.639999,65.5,64.639999,65.25,62.903664,2330601
2018-10-09,65.089996,65.440002,64.709999,64.760002,62.43129,1843980
2018-10-10,64.809998,65.050003,64.139999,64.529999,62.209549,5478732
2018-10-11,64.529999,64.529999,62.5,63.41,61.129829,2989831
2018-10-12,63.619999,64.849998,62.799999,63.09,60.821335,2478055
2018-10-15,63.150002,64,63.099998,63.639999,61.351563,989221
2018-10-16,63.799999,65.389999,63.419998,64.709999,62.383083,1857734
2018-10-17,65.139999,65.489998,64,64.599998,62.277035,1215996
2018-10-18,64.57,64.739998,61.709999,62.939999,60.676727,2086443
2018-10-19,63.25,63.25,60.880001,61.630001,59.413834,1882200
2018-10-22,61.790001,63.049999,61.220001,62.57,60.320034,1750364
2018-10-23,62.290001,62.290001,61.029999,61.57,59.355991,2883273
2018-10-24,61.779999,61.970001,60.669998,61.23,59.028217,2293492
2018-10-25,61.41,61.509998,58.299999,58.689999,56.579556,7090724
2018-10-26,58.380001,58.380001,55.220001,55.52,53.523548,6288477
2018-10-29,55.25,55.540001,51,52.759998,50.862793,5510629
2018-10-30,52,54.599998,51.240002,54.130001,52.183533,6072038
2018-10-31,54.259998,55.48,51.549999,53.66,51.730427,5619836
2018-11-01,53.91,54.5,53.560001,54.299999,52.34742,8587981
2018-11-05,54.439999,56.23,54.310001,55.77,53.764557,6710572
2018-11-06,55.509998,55.970001,55.16,55.599998,53.600666,3638517
2018-11-07,55.779999,56.91,55.209999,56.400002,54.371906,2774799
2018-11-08,56.200001,56.990002,52.599998,53.73,51.797913,4475271
2018-11-09,53.330002,54.200001,50.990002,54.110001,52.164249,4255159
2018-11-12,53.84,55,52.279999,52.43,50.544659,2071837
2018-11-13,52.299999,52.84,50.599998,50.830002,49.002197,4678687
2018-11-14,50.900002,52.599998,49.040001,51.82,49.956593,4005244
2018-11-15,52.25,52.400002,49.959999,50.27,48.46233,1556349
2018-11-16,50.41,51.900002,49.84,51.34,49.493858,3560954
2018-11-20,50.380001,51.880001,50.380001,50.810001,48.982914,1587192
2018-11-21,50.91,51.049999,48.299999,48.98,47.218719,3137891
2018-11-22,49.07,49.389999,48.009998,48.049999,46.322163,1276992
2018-11-23,48.099998,48.360001,46.860001,47.139999,45.444885,1067578
2018-11-26,47.029999,48.099998,42.709999,43.18,41.947735,6366400
2018-11-27,43.419998,45.619999,43.220001,45.34,44.046097,5541276
2018-11-28,45.5,49.990002,45.349998,49.610001,48.194237,9780006
2018-11-29,49.41,49.5,47.209999,48.349998,46.970196,5074499
2018-11-30,48.209999,48.509998,47.18,47.560001,46.20274,8845126
2018-12-03,48.360001,50,48.029999,49.27,47.863941,5955926
2018-12-04,49.130001,50.450001,48.25,50,48.573109,6051681
2018-12-05,50,51.029999,49.529999,50.619999,49.175415,2156422
2018-12-06,50.709999,52.990002,49.73,52.16,50.671463,8156450
2018-12-07,52.349998,53,52.349998,52.759998,51.254341,3862991
2018-12-10,52.5,52.889999,51.799999,52.5,51.001762,4759151
2018-12-11,52.639999,53.84,50.84,51.32,49.855434,4290126
2018-12-13,51.209999,52.669998,50.07,51.580002,50.108017,5825977
2018-12-14,51.200001,52.240002,51,51.630001,50.156593,2821703
2018-12-17,51.110001,52.400002,49.990002,50.75,49.301704,2462455
2018-12-18,50.950001,51.419998,49.560001,50.720001,49.27256,3215583
2018-12-19,50.310001,50.700001,50.009998,50.16,48.728542,6135799
2018-12-20,50.419998,50.490002,48.25,48.810001,47.417068,2912715
2018-12-21,48.689999,49.599998,46.799999,47.150002,45.80444,6018736
2018-12-24,47.509998,48.41,47.16,47.98,46.610756,708403
2018-12-26,47.98,49.5,47.959999,48.93,47.533646,1141529
2018-12-27,48.849998,50.599998,48.790001,50.400002,48.961693,1938161
2018-12-28,50.5,50.779999,49.5,50.060001,48.631397,1947244
2018-12-31,50.099998,50.490002,49.439999,49.939999,48.51482,852188
2019-01-02,49.790001,50.490002,49,50.060001,48.631397,778097
2019-01-03,50.09,50.130001,47.610001,48.48,47.096485,3100809
2019-01-04,48.700001,49.240002,47.889999,48.389999,47.009056,2598626
2019-01-07,48.630001,50,48.560001,49.82,48.398247,2680392
2019-01-08,50.169998,50.950001,49.700001,49.970001,48.543964,2423486
2019-01-09,50.09,50.880001,48.279999,48.380001,46.99934,9936930
2019-01-10,48.52,48.779999,47.5,47.700001,46.338745,5804365
2019-01-11,47.75,47.759998,46.549999,46.990002,45.64901,5964424
2019-01-14,46.880001,47.130001,45.880001,45.98,44.667828,6074964
2019-01-15,46.09,46.860001,45.799999,46.139999,44.823261,4501148
2019-01-16,46.490002,47.91,46.16,47.869999,46.503891,6040049
2019-01-17,47.529999,47.799999,46.970001,47.169998,45.823864,3951523
2019-01-18,47.59,47.98,46.970001,47.27,45.921017,4719621
2019-01-21,47.630001,48.450001,46.970001,48.290001,46.911907,2877795
2019-01-22,48,49.380001,47.709999,48.889999,47.494785,7683454
2019-01-23,49.23,49.700001,47.700001,49.169998,47.766792,9439994
2019-01-24,49.049999,49.5,48,48.650002,47.261639,6763037
2019-01-25,48.950001,49.240002,48.799999,49.099998,47.698792,3353982
2019-01-28,49.220001,49.369999,48.799999,49.16,47.75708,3610395
2019-01-29,49.299999,49.5,48.310001,48.560001,47.174206,3272083
2019-01-30,48.66,49.450001,47.75,48.970001,47.572506,2592779
2019-01-31,48.990002,51.48,48.990002,51.080002,49.622288,7598208
2019-02-01,51.200001,51.540001,50.43,51.419998,49.952583,5240281
2019-02-05,51.599998,52.880001,51.599998,52.59,51.089195,2735552
2019-02-06,52.720001,52.740002,52.009998,52.330002,50.836617,3814055
2019-02-07,52.349998,52.52,51.490002,51.650002,50.176022,2722693
2019-02-08,51.77,51.869999,50.810001,51.049999,49.593143,1603401
2019-02-11,51,51.299999,48.73,49.02,47.621071,1950169
2019-02-12,49.259998,51,49,49.459999,48.048519,3262826
2019-02-13,49.290001,50.490002,48.720001,49.32,47.91251,4029191
2019-02-14,49.32,50.299999,48.09,49.130001,47.727936,3600266
2019-02-15,49.240002,51.330002,48.150002,51.169998,49.709717,3024129
2019-02-18,51.349998,52.189999,50.450001,51.919998,50.438313,2173083
2019-02-19,52.040001,52.389999,50.509998,52.16,50.671463,2934162
2019-02-20,51.720001,52.700001,50.98,51.32,49.855434,4131586
2019-02-21,51.619999,51.669998,50.450001,51.25,49.787437,4200728
2019-02-22,51.099998,52,51.049999,51.529999,50.059448,3049166
2019-02-25,51.82,52.869999,51.610001,51.869999,50.771381,2663891
2019-02-26,51.990002,51.990002,50.68,50.889999,49.812138,2057268
2019-02-27,50.900002,51.259998,50.310001,50.57,49.498913,2247377
2019-02-28,49.490002,49.490002,46.32,46.709999,45.720669,12904874
2019-03-01,47.580002,47.580002,46.330002,46.98,45.984955,5468586
2019-03-04,47.09,47.299999,45.330002,45.91,44.937614,3804347
2019-03-05,46.049999,46.700001,46.009998,46.32,45.338928,3919260
2019-03-06,46.650002,47.139999,46.009998,46.049999,45.074646,2618462
2019-03-07,46.02,46.200001,44.900002,45,44.046886,5867647
2019-03-08,44.700001,45.389999,43.77,44.299999,43.361713,7936528
2019-03-11,44.150002,45.110001,44.110001,44.41,43.469383,5308703
2019-03-12,44.880001,45.200001,43.360001,43.98,43.048492,6546835
2019-03-13,44.310001,45,43.5,44.029999,43.097435,5203259
2019-03-14,44.48,44.849998,43.009998,43.41,42.490562,7772177
2019-03-15,43.279999,45.029999,42.889999,44.779999,43.831547,18098243
2019-03-19,45.150002,45.380001,44.400002,45.080002,44.125198,6111457
2019-03-20,45.049999,46.299999,43.84,46.049999,45.074646,7406673
2019-03-21,45.740002,46.400002,45.110001,45.59,44.62439,4918564
2019-03-22,45.59,47.369999,45.150002,46.57,45.583633,5614110
2019-03-25,46.48,46.919998,45.849998,46.860001,45.867496,3597762
2019-03-26,46.650002,47,46.360001,46.919998,45.926224,4125450
2019-03-27,46.900002,46.900002,45.849998,45.959999,44.986553,4611995
2019-03-28,46.07,46.07,44.810001,45.349998,44.389477,4926220
2019-03-29,45.57,46.52,45.23,46.41,45.427025,3383421
2019-04-01,46.68,47.98,46.209999,47.880001,46.865891,4343052
2019-04-02,47.5,47.950001,46.889999,47.630001,46.621185,2916132
2019-04-03,47.73,47.93,46.48,46.580002,45.593426,4114797
2019-04-04,46.509998,47.700001,45.810001,47.5,46.493938,3141184
2019-04-05,47.389999,48.919998,47.240002,48.580002,47.551067,4171631
2019-04-08,48.689999,49.900002,47.889999,48.880001,47.844707,2475741
2019-04-09,48.740002,49.040001,47.75,47.91,46.895256,5933313
2019-04-10,48.150002,48.16,46.110001,46.900002,45.906647,6269922
2019-04-11,46.860001,46.91,46,46.48,45.495541,1186374
2019-04-12,46.709999,46.740002,45.549999,45.860001,44.888672,1499953
2019-04-15,45.830002,45.84,44.130001,44.68,43.733669,5947296
2019-04-16,44.860001,46.290001,44.860001,45.84,44.869099,3831093
2019-04-17,45.84,46.130001,45.18,45.790001,44.820156,3131868
2019-04-22,45.900002,46.650002,45.610001,46.150002,45.172535,1591457
2019-04-23,46.259998,46.310001,44.880001,45.02,44.066467,3114667
2019-04-24,45,45.099998,44.23,44.959999,44.007736,2395509
2019-04-25,44.599998,45.150002,44.400002,44.77,43.821762,3620211
2019-04-26,44.66,45.380001,44.549999,44.669998,43.723873,2253634
2019-04-29,44.48,44.939999,42.98,44.34,43.400867,3458931
2019-04-30,44.470001,44.490002,43.900002,44.009998,43.077854,3123348
2019-05-02,44.02,44.549999,43.529999,43.650002,42.725483,1719257
2019-05-03,43.970001,44.630001,43.52,44.25,43.312775,1679916
2019-05-06,44.040001,44.59,43.529999,44.52,43.577057,1536715
2019-05-07,44.41,44.41,43.599998,43.75,42.823364,2616481
2019-05-08,43.75,44.349998,43.459999,43.529999,42.608021,2563733
2019-05-09,43.310001,43.830002,42.959999,43.02,42.108826,2580992
2019-05-10,42.919998,43.09,41.759998,41.880001,40.992973,3369857
2019-05-13,41.939999,41.98,40.450001,41.779999,40.895088,2897291
2019-05-14,41.68,41.98,41.310001,41.75,40.865723,3149242
2019-05-15,41.650002,43.380001,41.290001,43.16,42.245857,5462997
2019-05-16,43.07,43.349998,42.16,42.57,41.668358,2243492
2019-05-17,42.669998,42.970001,41.509998,42.52,41.619419,2261450
2019-05-20,42.52,42.73,41.759998,42.540001,41.638992,1557056
2019-05-21,42.700001,43.439999,41.970001,43.290001,42.373108,4120047
2019-05-22,43.110001,43.669998,42.990002,43.540001,42.617813,3513238
2019-05-23,43.419998,43.740002,42.540001,42.689999,41.785812,10113292
2019-05-24,42.799999,42.98,41.77,42.200001,41.306194,2417586
2019-05-27,41.860001,41.970001,41.52,41.610001,41.104477,798459
2019-05-28,41.610001,42.169998,40.860001,41.099998,40.60067,7205448
2019-05-29,40.98,42,40.82,41.93,41.420589,2071734
2019-05-30,41.849998,42.689999,41.580002,42.290001,41.776215,2030887
2019-05-31,41.400002,41.990002,40.799999,41.009998,40.511765,6289672
2019-06-03,41.099998,41.790001,40.16,40.599998,40.106747,6580532
2019-06-04,40.869999,41.41,40.700001,41.099998,40.60067,2409260
2019-06-05,40.75,41.360001,40.57,41.02,40.521645,4107061
2019-06-06,41.119999,41.119999,40.360001,40.77,40.274681,942647
2019-06-07,40.82,41.73,40.77,41.630001,41.124233,772065
2019-06-10,41.98,42.830002,41.959999,42.720001,42.200993,3778055
2019-06-11,42.810001,43.169998,42.299999,42.529999,42.013298,1861111
2019-06-12,42.450001,42.450001,41.380001,41.810001,41.302048,3789760
2019-06-13,41.970001,41.98,40.939999,41.130001,40.63031,2402522
2019-06-14,41.23,41.400002,40.529999,41.060001,40.561161,1814793
2019-06-17,41.439999,41.450001,40.77,41.16,40.659943,2360192
2019-06-18,41.23,41.77,40.919998,41.619999,41.114353,1434413
2019-06-19,41.73,41.849998,41.380001,41.740002,41.232899,1425854
2019-06-20,41.98,42.75,41.919998,42.57,42.052814,2392259
2019-06-21,42.209999,42.650002,41.509998,41.630001,41.124233,7500412
2019-06-24,41.700001,41.700001,41.119999,41.32,40.818001,1796930
2019-06-25,41.32,41.610001,41.07,41.130001,40.63031,3935415
2019-06-26,41.330002,41.560001,40.650002,40.720001,40.225288,3361102
2019-06-27,41,41,40.279999,40.43,39.938812,6231541
2019-06-28,40.84,40.84,40.110001,40.290001,39.800514,2557161
2019-07-01,40.5,41.959999,40.419998,41.880001,41.371197,4171413
2019-07-02,41.900002,43.130001,41.68,42.720001,42.200993,5223110
2019-07-03,42.98,43.400002,42.66,42.91,42.388683,2606885
2019-07-04,42.93,42.93,42.400002,42.650002,42.131844,305675
2019-07-05,42.759998,43.34,42.549999,43.029999,42.507225,1179770
2019-07-08,42.779999,43.650002,42.360001,43.189999,42.665279,1693807
2019-07-09,43.200001,43.68,42.18,43.119999,42.59613,2704155
2019-07-10,43.439999,43.439999,42.349998,42.990002,42.467712,2202500
2019-07-11,43.110001,43.380001,42.5,42.639999,42.121964,2006570
2019-07-12,42.490002,42.669998,41.029999,41.52,41.015572,2554344
2019-07-15,41.419998,41.740002,40.16,41.189999,40.689579,3035793
2019-07-16,41.400002,42.27,41.209999,42.16,41.647793,3324974
2019-07-17,42.279999,42.279999,41.43,41.540001,41.035328,3320529
2019-07-18,41.439999,41.669998,39.169998,40.200001,39.711609,3036776
2019-07-19,40.299999,41.240002,40.169998,40.66,40.166019,2537865
2019-07-22,40.84,41.009998,39.049999,39.139999,38.664482,2700801
2019-07-23,39.279999,39.310001,37.549999,37.779999,37.321007,4937058
2019-07-24,37.650002,39,37.52,38.189999,37.726025,3287879
2019-07-25,38,39.07,37.009998,39,38.526184,4212683
2019-07-26,39,39.080002,37.700001,38.200001,37.735905,2632599
2019-07-29,38.080002,38.189999,36.810001,37.529999,37.074043,3801259
2019-07-30,37.41,37.740002,36.209999,36.439999,35.997284,2963801
2019-07-31,36.349998,37.07,34.689999,35.110001,34.683445,7405121
2019-08-01,35.029999,35.150002,33.860001,34.169998,33.754864,5000553
2019-08-02,34.09,34.68,33.799999,34.139999,33.725231,3044700
2019-08-05,33.990002,34.029999,32.68,32.869999,32.470657,5639319
2019-08-06,32.900002,33.470001,32.57,33.040001,32.638596,5988500
2019-08-07,32.970001,33.84,32.709999,33.310001,32.905315,5838499
2019-08-08,33.540001,33.950001,33.029999,33.509998,33.102882,5036934
2019-08-09,33.549999,33.549999,32.5,32.59,32.194061,2459467
2019-08-12,32.59,32.59,31.83,32.139999,31.749527,2595174
2019-08-13,32,33.450001,32,32.330002,31.937222,4048853
2019-08-14,32.009998,32.23,31.33,31.559999,31.176575,5201626
2019-08-15,31.58,31.98,31.02,31.629999,31.245724,5869964
2019-08-16,31.709999,32.43,31.24,32,31.611229,5693240
2019-08-19,32.240002,33.380001,32.080002,32.950001,32.549686,4152693
2019-08-20,32.869999,34.34,32.810001,34.209999,33.79438,4348577
2019-08-21,34.290001,35.470001,34,34.959999,34.535267,7963162
2019-08-22,35,35.68,34.25,34.419998,34.001827,5948363
2019-08-23,34.34,34.34,33.080002,33.25,32.846043,5264022
2019-08-26,33.25,33.650002,32.59,33.209999,33.209999,3693612
2019-08-27,33.549999,34.27,33.470001,33.810001,33.810001,7579758
2019-08-28,33.98,34.93,33.98,34.779999,34.779999,7131468
2019-08-29,35,35.740002,34.59,35.68,35.68,7281388
2019-08-30,35.849998,37.040001,35.560001,36.75,36.75,6912310
2019-09-02,36.84,37,36.07,36.880001,36.880001,1413949
2019-09-03,36.970001,37,35.810001,35.860001,35.860001,3481488
2019-09-04,36.049999,36.889999,35.580002,36.299999,36.299999,4870478
2019-09-05,36.68,37.049999,36.220001,36.970001,36.970001,2125736
